1 clickedStim 8 11 5
1 rts 1819 519 939
1 0 2 0 // 2 5 // 2 5
2 clickedStim 15 9 5
2 rts 1166 575 638
2 0 2 0 // 9 3 // 9 3
2 clickedStim 15 11 5
2 rts 975 376 607
2 0 2 0 // 9 5 // 9 5
2 clickedStim 8 17 13 6
2 rts 1587 579 496 527
2 2 3 0 // 1 10 6 // 1 10 6
2 clickedStim 15 9 10 6
2 rts 974 506 519 669
2 2 3 0 // 8 2 3 // 8 2 3
2 clickedStim 15 10 17 9 7
2 rts 925 492 581 539 651
2 3 4 0 // 7 2 9 1 // 7 2 9 1
2 clickedStim 14 16 9 15 7
2 rts 1487 481 500 607 641
2 3 4 0 // 6 8 1 7 // 6 8 1 7
2 clickedStim 10 14 19 16 18 8
2 rts 1250 524 499 475 523 570
2 4 5 0 // 1 5 10 7 9 // 1 5 10 7 9
2 clickedStim 13 12 18 19 15 8
2 rts 1610 637 588 524 434 648
2 4 5 0 // 4 3 9 10 6 // 4 3 9 10 6
2 clickedStim 20 13 11 18 12 19 9
2 rts 1451 550 432 501 439 573 566
2 5 6 0 // 10 3 1 8 2 9 // 10 3 1 8 2 9
2 clickedStim 13 15 20 16 18 17 9
2 rts 1728 556 553 472 440 459 647
2 5 6 0 // 3 5 10 6 8 7 // 3 5 10 6 8 7
2 clickedStim 12 14 19 18 15 10
2 rts 1148 1132 606 2457 938 1103
2 6 7 1 // 1 10 3 8 7 4 2 // 1 3 8 7 4
2 clickedStim 16 18 17 15 21 13 14 10
2 rts 1775 2145 510 441 481 471 464 1359
2 6 7 0 // 5 7 6 4 10 2 3 // 5 7 6 4 10 2 3
2 clickedStim 20 13 14 16 21 18 12 10
2 rts 3466 475 452 457 535 495 455 765
2 6 7 0 // 9 2 3 5 10 7 1 // 9 2 3 5 10 7 1
2 clickedStim 15 20 17 19 22 13 16 11
2 rts 1734 585 425 1643 525 456 440 574
2 7 8 1 // 3 2 8 10 5 1 7 4 // 3 8 5 7 10 1 4
2 clickedStim 14 19 17 15 22 21 20 13 11
2 rts 1725 643 644 599 536 463 459 495 609
2 7 8 0 // 2 7 5 3 10 9 8 1 // 2 7 5 3 10 9 8 1
2 clickedStim 18 19 13 16 22 21 20 11
2 rts 2503 645 1679 391 706 1474 1784 692
2 7 8 1 // 6 10 1 7 4 8 2 9 // 6 7 1 4 10 9 8
