1 clickedStim 15 7 5
1 rts 3120 872 1551
1 0 2 0 // 9 1 // 9 1
2 clickedStim 12 11 5
2 rts 1530 843 996
2 0 2 0 // 6 5 // 6 5
2 clickedStim 12 14 5
2 rts 1532 776 981
2 0 2 0 // 6 8 // 6 8
2 clickedStim 9 12 10 6
2 rts 1571 367 658 1106
2 2 3 0 // 2 5 3 // 2 5 3
2 clickedStim 11 8 10 6
2 rts 1439 826 752 791
2 2 3 0 // 4 1 3 // 4 1 3
2 clickedStim 16 12 10 14 7
2 rts 1739 504 685 587 928
2 3 4 0 // 8 4 2 6 // 8 4 2 6
2 clickedStim 12 17 15 11 7
2 rts 1710 1130 1190 899 1109
2 3 4 0 // 4 9 7 3 // 4 9 7 3
2 clickedStim 19 17 18 15 10 8
2 rts 1148 570 973 446 757 850
2 4 5 0 // 10 8 9 6 1 // 10 8 9 6 1
2 clickedStim 16 10 12 18 11 8
2 rts 1376 793 923 786 821 906
2 4 5 0 // 7 1 3 9 2 // 7 1 3 9 2
2 clickedStim 15 13 19 18 11 16 9
2 rts 1616 828 1070 767 1042 654 996
2 5 6 0 // 5 3 9 8 1 6 // 5 3 9 8 1 6
2 clickedStim 13 15 11 20 17 18 9
2 rts 4363 1111 913 818 631 723 4557
2 5 6 0 // 3 5 1 10 7 8 // 3 5 1 10 7 8
2 clickedStim 16 19 12 21 15 20 13 10
2 rts 3790 669 939 802 2194 1035 1109 1705
2 6 7 0 // 5 8 1 10 4 9 2 // 5 8 1 10 4 9 2
2 clickedStim 19 13 16 17 20 14 21 10
2 rts 4052 671 567 649 553 545 593 1150
2 6 7 0 // 8 2 5 6 9 3 10 // 8 2 5 6 9 3 10
2 clickedStim 22 15 14 17 20 21 11
2 rts 3030 1401 697 654 578 1102 5201
2 7 8 1 // 10 3 2 5 8 9 4 6 // 10 3 2 5 8 9
2 clickedStim 22 16 15 13 21 17 19 11
2 rts 3605 779 779 1521 2521 467 466 1228
2 7 8 1 // 4 10 3 1 9 5 2 7 // 10 4 3 1 9 5 7
