1 clickedStim 9 14 5
1 rts 1326 431 731
1 0 2 0 // 3 8 // 3 8
2 clickedStim 12 8 5
2 rts 1010 749 615
2 0 2 0 // 6 2 // 6 2
2 clickedStim 13 16 5
2 rts 1660 582 398
2 0 2 0 // 7 10 // 7 10
2 clickedStim 16 14 15 6
2 rts 1272 500 283 514
2 2 3 0 // 9 7 8 // 9 7 8
2 clickedStim 9 17 14 6
2 rts 1808 448 248 432
2 2 3 0 // 2 10 7 // 2 10 7
2 clickedStim 12 18 16 17 7
2 rts 857 1183 298 481 432
2 3 4 0 // 4 10 8 9 // 4 10 8 9
2 clickedStim 11 10 9 15 7
2 rts 1326 1231 900 382 1165
2 3 4 0 // 3 2 1 7 // 3 2 1 7
2 clickedStim 13 11 10 17 16 8
2 rts 1439 398 382 332 348 882
2 4 5 0 // 4 2 1 8 7 // 4 2 1 8 7
2 clickedStim 12 17 11 14 19 8
2 rts 2089 382 616 265 464 500
2 4 5 0 // 3 8 2 5 10 // 3 8 2 5 10
2 clickedStim 18 15 19 17 12 20 9
2 rts 704 598 698 448 581 515 614
2 5 6 0 // 8 5 9 7 2 10 // 8 5 9 7 2 10
2 clickedStim 13 18 19 11 20 15 9
2 rts 1341 532 682 565 531 449 682
2 5 6 0 // 3 8 9 1 10 5 // 3 8 9 1 10 5
2 clickedStim 14 12 13 16 17 18 20 10
2 rts 1239 449 315 397 834 549 732 999
2 6 7 0 // 3 1 2 5 6 7 9 // 3 1 2 5 6 7 9
2 clickedStim 14 19 17 21 12 15 13 10
2 rts 1319 480 515 548 481 250 749 965
2 6 7 0 // 3 8 6 10 1 4 2 // 3 8 6 10 1 4 2
2 clickedStim 17 22 13 20 14 15 11
2 rts 774 382 616 598 516 899 597
2 7 8 1 // 4 7 1 5 8 9 2 3 // 5 10 1 8 2 3
2 clickedStim 13 14 11
2 rts 4437 366 1580
2 7 8 1 // 7 5 9 4 6 8 1 2 // 1 2
