1 clickedStim 12 13 5
1 rts 2248 739 1307
1 0 2 0 // 6 7 // 6 7
2 clickedStim 9 10 5
2 rts 1680 514 4546
2 0 2 0 // 3 4 // 3 4
2 clickedStim 16 11 5
2 rts 1754 540 4847
2 0 2 0 // 10 5 // 10 5
2 clickedStim 14 13 15 6
2 rts 1391 515 1454 1123
2 2 3 0 // 7 6 8 // 7 6 8
2 clickedStim 9 14 15 6
2 rts 1691 564 588 887
2 2 3 0 // 2 7 8 // 2 7 8
2 clickedStim 15 13 12 14 7
2 rts 1511 603 656 673 2830
2 3 4 0 // 7 5 4 6 // 7 5 4 6
2 clickedStim 15 10 16 14 7
2 rts 1350 681 588 880 2713
2 3 4 0 // 7 2 8 6 // 7 2 8 6
2 clickedStim 18 19 11 10 13 8
2 rts 2864 580 682 554 672 1821
2 4 5 0 // 9 10 2 1 4 // 9 10 2 1 4
2 clickedStim 18 19 16 11 12 8
2 rts 1755 486 497 640 622 1932
2 4 5 0 // 9 10 7 2 3 // 9 10 7 2 3
2 clickedStim 14 19 15 18 12 16 9
2 rts 1326 619 581 380 532 588 2196
2 5 6 0 // 4 9 5 8 2 6 // 4 9 5 8 2 6
2 clickedStim 12 18 17 14 19 20 9
2 rts 2812 937 447 440 422 565 1038
2 5 6 0 // 2 8 7 4 9 10 // 2 8 7 4 9 10
2 clickedStim 19 21 13 12 20 18 15 10
2 rts 1367 438 1339 831 622 557 553 4354
2 6 7 0 // 8 10 2 1 9 7 4 // 8 10 2 1 9 7 4
2 clickedStim 15 18 12 17 21 16 19 10
2 rts 2025 562 756 941 647 613 431 1712
2 6 7 0 // 4 7 1 6 10 5 8 // 4 7 1 6 10 5 8
2 clickedStim 22 21 17 18 14 19 15 20 11
2 rts 1108 505 614 530 532 788 692 514 3414
2 7 8 1 // 10 9 2 6 5 7 3 8 // 10 9 5 6 2 7 3 8
2 clickedStim 13 22 17 21 18 20 19 15 11
2 rts 1380 812 555 554 1290 529 449 538 1322
2 7 8 0 // 1 10 5 9 6 8 7 3 // 1 10 5 9 6 8 7 3
2 clickedStim 13 14 21 22 18 20 16 15 11
2 rts 1854 774 556 596 1488 489 548 562 1125
2 7 8 0 // 1 2 9 10 6 8 4 3 // 1 2 9 10 6 8 4 3
2 clickedStim 17 23 20 16 15 22 21 14 19 12
2 rts 1101 675 583 678 547 547 464 531 555 2531
2 8 9 0 // 4 10 7 3 2 9 8 1 6 // 4 10 7 3 2 9 8 1 6
2 clickedStim 21 14 15 18 19 22 17 23 20 12
2 rts 837 781 1062 544 580 588 647 481 581 3889
2 8 9 0 // 8 1 2 5 6 9 4 10 7 // 8 1 2 5 6 9 4 10 7
