1 clickedStim 15 7 5
1 rts 1006 251 403
1 0 2 0 // 9 1 // 9 1
2 clickedStim 13 12 5
2 rts 854 165 291
2 0 2 0 // 7 6 // 7 6
2 clickedStim 14 12 5
2 rts 759 120 294
2 0 2 0 // 8 6 // 8 6
2 clickedStim 9 15 13 6
2 rts 725 199 458 345
2 2 3 0 // 2 8 6 // 2 8 6
2 clickedStim 11 9 15 6
2 rts 816 193 483 261
2 2 3 0 // 4 2 8 // 4 2 8
2 clickedStim 18 13 14 15 7
2 rts 921 207 123 731 263
2 3 4 0 // 10 5 6 7 // 10 5 6 7
2 clickedStim 9 16 10 12 7
2 rts 660 173 196 160 269
2 3 4 0 // 1 8 2 4 // 1 8 2 4
2 clickedStim 15 9 12 15 17 10 19 8
2 rts 1074 720 463 114 189 185 277 257
2 4 5 1 // 3 6 1 8 10 // 3 6 8 1 10
2 clickedStim 14 19 16 18 17 8
2 rts 1041 196 178 854 169 248
2 4 5 0 // 5 10 7 9 8 // 5 10 7 9 8
2 clickedStim 14 15 19 12 16 8
2 rts 785 159 417 484 215 313
2 4 5 0 // 5 6 10 3 7 // 5 6 10 3 7
2 clickedStim 12 18 13 20 15 17 9
2 rts 1138 506 240 330 301 1895 209
2 5 6 1 // 2 8 3 10 5 9 // 2 8 3 10 5 7
2 clickedStim 18 19 15 12 20 17 9
2 rts 2960 189 651 406 1564 126 221
2 5 6 1 // 8 9 5 2 7 10 // 8 9 5 2 10 7
