1 clickedStim 9 12 5
1 rts 1832 554 1106
1 0 2 0 // 3 6 // 3 6
2 clickedStim 14 13 5
2 rts 1741 456 696
2 0 2 0 // 8 7 // 8 7
2 clickedStim 7 10 5
2 rts 1350 334 779
2 0 2 0 // 1 4 // 1 4
2 clickedStim 13 9 16 6
2 rts 1179 442 554 642
2 2 3 0 // 6 2 9 // 6 2 9
2 clickedStim 17 16 10 6
2 rts 1132 405 380 722
2 2 3 0 // 10 9 3 // 10 9 3
2 clickedStim 16 12 17 18 7
2 rts 1216 713 604 531 822
2 3 4 0 // 8 4 9 10 // 8 4 9 10
2 clickedStim 16 11 18 12 7
2 rts 1196 466 592 602 821
2 3 4 0 // 8 3 10 4 // 8 3 10 4
2 clickedStim 11 19 15 14 12 8
2 rts 1088 661 580 456 453 1091
2 4 5 0 // 2 10 6 5 3 // 2 10 6 5 3
2 clickedStim 10 13 16 14 11 8
2 rts 1062 331 455 413 446 773
2 4 5 0 // 1 4 7 5 2 // 1 4 7 5 2
2 clickedStim 20 11 14 19 18 9
2 rts 1641 612 1736 673 427 2488
2 5 6 1 // 10 3 1 9 8 4 // 10 1 4 9 8
2 clickedStim 16 18 17 20 14 15 9
2 rts 1590 617 507 627 570 436 720
2 5 6 0 // 6 8 7 10 4 5 // 6 8 7 10 4 5
2 clickedStim 18 19 12 20 17 16 9
2 rts 895 438 505 550 431 525 854
2 5 6 0 // 8 9 2 10 7 6 // 8 9 2 10 7 6
2 clickedStim 18 20 14 12 16 17 19 10
2 rts 1138 509 571 699 537 507 449 685
2 6 7 0 // 7 9 3 1 5 6 8 // 7 9 3 1 5 6 8
2 clickedStim 19 20 21 12 16 14 13 10
2 rts 1017 518 594 533 455 515 376 651
2 6 7 0 // 8 9 10 1 5 3 2 // 8 9 10 1 5 3 2
2 clickedStim 20 16 22 19 21 18 17 15 11
2 rts 2537 496 1347 534 658 672 482 509 774
2 7 8 1 // 4 1 10 7 6 2 9 3 // 8 4 10 7 9 6 5 3
2 clickedStim 19 17 13 16 21 20 18 14 11
2 rts 1283 361 436 421 563 367 394 397 630
2 7 8 0 // 7 5 1 4 9 8 6 2 // 7 5 1 4 9 8 6 2
2 clickedStim 19 21 14 20 22 17 15 11
2 rts 2087 618 639 675 1028 637 971 2242
2 7 8 1 // 10 1 2 7 8 9 3 5 // 7 9 2 8 10 5 3
