1 clickedStim 11 14 5
1 rts 1161 457 542
1 0 2 0 // 5 8 // 5 8
2 clickedStim 10 16 5
2 rts 1002 480 518
2 0 2 0 // 4 10 // 4 10
2 clickedStim 8 12 5
2 rts 1389 460 549
2 0 2 0 // 2 6 // 2 6
2 clickedStim 12 8 14 6
2 rts 718 455 521 520
2 2 3 0 // 5 1 7 // 5 1 7
2 clickedStim 12 13 17 6
2 rts 1109 353 565 554
2 2 3 0 // 5 6 10 // 5 6 10
2 clickedStim 13 18 17 10 7
2 rts 646 472 308 327 650
2 3 4 0 // 5 10 9 2 // 5 10 9 2
2 clickedStim 16 14 11 10 7
2 rts 761 543 203 478 635
2 3 4 0 // 8 6 3 2 // 8 6 3 2
2 clickedStim 17 13 18 11 10 8
2 rts 697 379 510 823 315 766
2 4 5 0 // 8 4 9 2 1 // 8 4 9 2 1
2 clickedStim 14 12 19 11 13 8
2 rts 650 276 657 305 301 616
2 4 5 0 // 5 3 10 2 4 // 5 3 10 2 4
2 clickedStim 11 20 16 14 17 15 9
2 rts 833 400 437 351 259 300 471
2 5 6 0 // 1 10 6 4 7 5 // 1 10 6 4 7 5
2 clickedStim 16 17 13 11 12 18 9
2 rts 593 485 499 532 216 458 525
2 5 6 0 // 6 7 3 1 2 8 // 6 7 3 1 2 8
2 clickedStim 19 12 13 21 20 18 17 10
2 rts 727 543 288 555 480 813 515 539
2 6 7 1 // 8 1 9 10 2 7 6 // 8 1 2 10 9 7 6
2 clickedStim 15 16 17 20 14 19 13 10
2 rts 776 297 1110 1072 381 550 406 537
2 6 7 0 // 4 5 6 9 3 8 2 // 4 5 6 9 3 8 2
2 clickedStim 14 20 21 15 13 18 19 10
2 rts 1563 462 438 400 2815 456 420 578
2 6 7 1 // 3 9 10 2 7 4 8 // 3 9 10 4 2 7 8
