1 clickedStim 10 8 5
1 rts 1369 750 969
1 0 2 0 // 4 2 // 4 2
2 clickedStim 12 16 5
2 rts 1192 649 884
2 0 2 0 // 6 10 // 6 10
2 clickedStim 12 15 5
2 rts 1152 526 719
2 0 2 0 // 6 9 // 6 9
2 clickedStim 13 14 9 6
2 rts 1374 680 737 816
2 2 3 0 // 6 7 2 // 6 7 2
2 clickedStim 14 13 17 6
2 rts 1630 635 585 918
2 2 3 0 // 7 6 10 // 7 6 10
2 clickedStim 9 15 10 16 7
2 rts 1111 666 496 601 848
2 3 4 0 // 1 7 2 8 // 1 7 2 8
2 clickedStim 9 15 14 17 7
2 rts 982 487 636 444 757
2 3 4 0 // 1 7 6 9 // 1 7 6 9
2 clickedStim 11 14 17 16 18 8
2 rts 1062 551 560 514 591 771
2 4 5 1 // 2 8 5 7 9 // 2 5 8 7 9
2 clickedStim 12 19 10 11 16 8
2 rts 1113 679 509 591 564 714
2 4 5 0 // 3 10 1 2 7 // 3 10 1 2 7
2 clickedStim 10 11 12 18 17 8
2 rts 907 472 615 1091 499 727
2 4 5 0 // 1 2 3 9 8 // 1 2 3 9 8
2 clickedStim 13 17 11 15 14 9
2 rts 1562 637 458 547 3799 1461
2 5 6 1 // 3 7 1 2 5 4 // 3 7 1 5 4
2 clickedStim 20 12 11 14 15 13 9
2 rts 1431 1130 436 435 529 2946 665
2 5 6 1 // 10 2 5 1 4 9 // 10 2 1 4 5 3
