1 clickedStim 11 12 5
1 rts 3416 1302 1643
1 0 2 0 // 5 6 // 5 6
2 clickedStim 15 13 5
2 rts 1509 961 1178
2 0 2 0 // 9 7 // 9 7
2 clickedStim 11 15 5
2 rts 1708 1178 1048
2 0 2 0 // 5 9 // 5 9
2 clickedStim 16 8 12 6
2 rts 2869 901 797 1235
2 2 3 0 // 9 1 5 // 9 1 5
2 clickedStim 17 15 16 6
2 rts 1319 464 1074 868
2 2 3 0 // 10 8 9 // 10 8 9
2 clickedStim 15 17 16 12 7
2 rts 1598 1070 745 622 1077
2 3 4 1 // 7 9 4 8 // 7 9 8 4
2 clickedStim 14 13 11 15 7
2 rts 1579 606 711 920 1027
2 3 4 0 // 6 5 3 7 // 6 5 3 7
2 clickedStim 9 16 10 15 7
2 rts 1195 1472 728 943 980
2 3 4 0 // 1 8 2 7 // 1 8 2 7
2 clickedStim 15 18 19 16 14 8
2 rts 1938 692 801 580 1659 943
2 4 5 0 // 6 9 10 7 5 // 6 9 10 7 5
2 clickedStim 18 10 12 14 19 8
2 rts 1173 829 1093 849 913 1178
2 4 5 0 // 9 1 3 5 10 // 9 1 3 5 10
2 clickedStim 12 14 16 13 19 9
2 rts 5773 920 973 9657 1040 12006
2 5 6 1 // 4 2 6 7 9 3 // 2 4 6 3 9
2 clickedStim 14 17 11 13 18 19 9
2 rts 1519 524 584 9659 2719 9599 1002
2 5 6 1 // 4 7 1 8 3 9 // 4 7 1 3 8 9
