1 clickedStim 9 12 5
1 rts 1475 547 847
1 0 2 0 // 3 6 // 3 6
2 clickedStim 9 15 5
2 rts 1142 579 581
2 0 2 0 // 3 9 // 3 9
2 clickedStim 10 8 5
2 rts 1324 415 766
2 0 2 0 // 4 2 // 4 2
2 clickedStim 13 9 16 6
2 rts 1053 599 847 665
2 2 3 0 // 6 2 9 // 6 2 9
2 clickedStim 10 17 14 6
2 rts 1002 715 497 715
2 2 3 0 // 3 10 7 // 3 10 7
2 clickedStim 15 11 10 17 7
2 rts 1054 614 482 649 780
2 3 4 0 // 7 3 2 9 // 7 3 2 9
2 clickedStim 9 11 16 18 7
2 rts 1388 631 614 365 714
2 3 4 0 // 1 3 8 10 // 1 3 8 10
2 clickedStim 17 14 13 11 19 8
2 rts 804 450 747 530 716 647
2 4 5 0 // 8 5 4 2 10 // 8 5 4 2 10
2 clickedStim 19 18 11 13 12 8
2 rts 902 599 546 483 697 665
2 4 5 1 // 10 2 9 4 3 // 10 9 2 4 3
2 clickedStim 15 19 17 10 14 8
2 rts 1255 582 414 581 413 649
2 4 5 0 // 6 10 8 1 5 // 6 10 8 1 5
2 clickedStim 14 16 19 20 18 13 9
2 rts 1649 798 448 484 413 515 698
2 5 6 0 // 4 6 9 10 8 3 // 4 6 9 10 8 3
2 clickedStim 15 11 12 14 20 13 9
2 rts 1552 1014 865 448 598 1047 898
2 5 6 0 // 5 1 2 4 10 3 // 5 1 2 4 10 3
2 clickedStim 17 13 18 14 20 16 10
2 rts 1869 598 615 665 564 517 1780
2 6 7 1 // 7 10 6 2 9 5 3 // 6 2 7 3 9 5
2 clickedStim 15 18 19 14 21 12 10
2 rts 1134 1047 632 847 716 2531 1248
2 6 7 1 // 4 7 3 8 1 10 5 // 4 7 8 3 10 1
