1 clickedStim 14 9 5
1 rts 1982 663 609
1 0 2 0 // 8 3 // 8 3
2 clickedStim 10 9 5
2 rts 1971 561 1446
2 0 2 0 // 4 3 // 4 3
2 clickedStim 11 9 5
2 rts 13739 1719 546
2 0 2 0 // 5 3 // 5 3
2 clickedStim 9 15 14 6
2 rts 1939 402 387 615
2 2 3 0 // 2 8 7 // 2 8 7
2 clickedStim 8 16 11 6
2 rts 2106 740 437 895
2 2 3 0 // 1 9 4 // 1 9 4
2 clickedStim 9 10 14 11 7
2 rts 1782 291 696 140 683
2 3 4 0 // 1 2 6 3 // 1 2 6 3
2 clickedStim 12 15 16 14 7
2 rts 1938 288 266 394 659
2 3 4 0 // 4 7 8 6 // 4 7 8 6
2 clickedStim 19 14 17 11 10 8
2 rts 1602 330 354 878 1166 833
2 4 5 0 // 10 5 8 2 1 // 10 5 8 2 1
2 clickedStim 18 19 14 17 9 9 9 9 9 9 18 19 14 17 13 8
2 rts 1928 337 1312 252 6198 177 177 155 176 167 3145 274 287 216 291 505
2 4 5 0 // 9 10 5 8 4 // 9 10 5 8 4
2 clickedStim 20 12 13 16 15 9
2 rts 2027 455 368 3216 1108 10077
2 5 6 1 // 10 2 3 9 6 5 // 10 2 3 6 5
2 clickedStim 15 11 13 14 20 17 9
2 rts 2534 3239 2434 447 1649 1230 500
2 5 6 0 // 5 1 3 4 10 7 // 5 1 3 4 10 7
2 clickedStim 14 18 16 13 19 15 9
2 rts 2554 1619 2394 151 2649 816 562
2 5 6 0 // 4 8 6 3 9 5 // 4 8 6 3 9 5
2 clickedStim 14 16 11 18 16 17 21 15 13 10
2 rts 2755 267 3624 861 232 2834 247 2450 349 930
2 6 7 1 // 7 3 5 6 10 4 2 // 3 7 5 6 10 4 2
2 clickedStim 19 21 14 20 16 18 13 10
2 rts 2577 231 3231 252 2116 200 1722 743
2 6 7 0 // 8 10 3 9 5 7 2 // 8 10 3 9 5 7 2
2 clickedStim 16 12 15 13 14 11 11 11 11 11 11 16 19 13 14 15 18 10
2 rts 2112 291 1757 197 2699 3939 185 157 146 167 146 538 2119 3072 347 2439 1412 483
2 6 7 1 // 5 1 8 2 3 4 7 // 5 8 2 3 4 7
