1 clickedStim 14 15 5
1 rts 2903 693 1144
1 0 2 0 // 8 9 // 8 9
2 clickedStim 10 13 5
2 rts 2698 730 1349
2 0 2 0 // 4 7 // 4 7
2 clickedStim 11 10 5
2 rts 2507 553 1021
2 0 2 0 // 5 4 // 5 4
2 clickedStim 16 8 15 6
2 rts 1195 660 885 870
2 2 3 0 // 9 1 8 // 9 1 8
2 clickedStim 16 8 11 6
2 rts 1233 579 643 1537
2 2 3 0 // 9 1 4 // 9 1 4
2 clickedStim 11 17 13 16 7
2 rts 2476 543 566 430 1074
2 3 4 0 // 3 9 5 8 // 3 9 5 8
2 clickedStim 9 10 17 13 7
2 rts 2553 482 455 932 4483
2 3 4 0 // 1 2 9 5 // 1 2 9 5
2 clickedStim 11 10 15 17 14 8
2 rts 2080 608 524 521 507 1103
2 4 5 0 // 2 1 6 8 5 // 2 1 6 8 5
2 clickedStim 16 10 13 14 11 8
2 rts 2623 1043 718 562 541 1775
2 4 5 0 // 7 1 4 5 2 // 7 1 4 5 2
2 clickedStim 14 11 15 12 20 17 9
2 rts 2296 434 1275 875 553 575 1077
2 5 6 0 // 4 1 5 2 10 7 // 4 1 5 2 10 7
2 clickedStim 11 12 14 16 15 19 9
2 rts 2999 663 934 708 650 733 1021
2 5 6 0 // 1 2 4 6 5 9 // 1 2 4 6 5 9
2 clickedStim 19 17 12 16 15 13 18 10
2 rts 2160 605 1433 1005 799 778 1602 2950
2 6 7 0 // 8 6 1 5 4 2 7 // 8 6 1 5 4 2 7
2 clickedStim 20 14 12 13 21 19 18 10
2 rts 3357 598 1477 1079 1074 825 780 1473
2 6 7 0 // 9 3 1 2 10 8 7 // 9 3 1 2 10 8 7
2 clickedStim 18 17 13 22 15 19 20 21 11
2 rts 5335 474 1011 1778 1158 1493 876 772 964
2 7 8 0 // 6 5 1 10 3 7 8 9 // 6 5 1 10 3 7 8 9
2 clickedStim 16 21 19 13 14 22 20 17 11
2 rts 3327 641 1038 2382 644 1360 619 780 2336
2 7 8 0 // 4 9 7 1 2 10 8 5 // 4 9 7 1 2 10 8 5
2 clickedStim 21 14 16 22 18 15 20 19 23 12
2 rts 4551 682 1276 1532 454 910 1185 684 776 4784
2 8 9 0 // 8 1 3 9 5 2 7 6 10 // 8 1 3 9 5 2 7 6 10
2 clickedStim 22 16 19 17 21 18 20 23 15 12
2 rts 3179 1026 952 1660 750 916 965 679 1196 1274
2 8 9 0 // 9 3 6 4 8 5 7 10 2 // 9 3 6 4 8 5 7 10 2
