1 clickedStim 14 13 5
1 rts 5627 603 898
1 0 2 0 // 8 7 // 8 7
2 clickedStim 11 16 5
2 rts 1215 570 725
2 0 2 0 // 5 10 // 5 10
2 clickedStim 10 7 5
2 rts 1434 407 1044
2 0 2 0 // 4 1 // 4 1
2 clickedStim 15 11 14 6
2 rts 1184 517 542 906
2 2 3 0 // 8 4 7 // 8 4 7
2 clickedStim 8 11 13 6
2 rts 1401 656 708 1058
2 2 3 0 // 1 4 6 // 1 4 6
2 clickedStim 18 13 10 16 7
2 rts 1297 595 575 650 1412
2 3 4 0 // 10 5 2 8 // 10 5 2 8
2 clickedStim 12 13 14 9 7
2 rts 1108 577 535 557 1183
2 3 4 0 // 4 5 6 1 // 4 5 6 1
2 clickedStim 13 16 15 10 11 8
2 rts 1699 513 698 767 685 11591
2 4 5 0 // 4 7 6 1 2 // 4 7 6 1 2
2 clickedStim 14 12 18 17 15 8
2 rts 6108 3729 1201 1322 1645 1019
2 4 5 0 // 5 3 9 8 6 // 5 3 9 8 6
2 clickedStim 19 11 20 16 12 15 9
2 rts 8409 727 1440 847 632 619 2207
2 5 6 0 // 9 1 10 6 2 5 // 9 1 10 6 2 5
2 clickedStim 20 18 14 19 17 13 9
2 rts 8742 821 1081 1171 552 639 2506
2 5 6 0 // 10 8 4 9 7 3 // 10 8 4 9 7 3
2 clickedStim 16 19 21 17 13 14 12 10
2 rts 9119 1593 923 993 712 907 611 2982
2 6 7 0 // 5 8 10 6 2 3 1 // 5 8 10 6 2 3 1
2 clickedStim 17 19 15 13 14 21 16 10
2 rts 9937 1065 1034 615 942 878 563 2119
2 6 7 0 // 6 8 4 2 3 10 5 // 6 8 4 2 3 10 5
2 clickedStim 13 18 20 22 21 14 15 17 11
2 rts 7871 665 513 705 921 599 742 552 1678
2 7 8 0 // 1 6 8 10 9 2 3 5 // 1 6 8 10 9 2 3 5
2 clickedStim 21 16 13 22 20 19 17 18 11
2 rts 9382 750 684 990 874 1019 631 840 2164
2 7 8 0 // 9 4 1 10 8 7 5 6 // 9 4 1 10 8 7 5 6
2 clickedStim 15 17 19 20 22 21 18 14 16 12
2 rts 8972 757 878 816 752 622 819 792 744 2055
2 8 9 0 // 2 4 6 7 9 8 5 1 3 // 2 4 6 7 9 8 5 1 3
2 clickedStim 20 21 14 22 17 23 19 16 12
2 rts 6813 640 996 905 804 2523 700 431 1263
2 8 9 1 // 7 8 1 9 5 4 10 6 3 // 7 8 1 9 4 10 6 3
2 clickedStim 16 20 17 21 19 22 14 15 18 12
2 rts 8096 682 733 803 1043 1215 599 620 573 4087
2 8 9 0 // 3 7 4 8 6 9 1 2 5 // 3 7 4 8 6 9 1 2 5
