1 clickedStim 13 16 5
1 rts 1192 528 742
1 0 2 0 // 7 10 // 7 10
2 clickedStim 12 16 5
2 rts 1719 556 679
2 0 2 0 // 6 10 // 6 10
2 clickedStim 15 9 5
2 rts 1213 531 887
2 0 2 0 // 9 3 // 9 3
2 clickedStim 13 14 12 6
2 rts 1371 712 572 782
2 2 3 0 // 6 7 5 // 6 7 5
2 clickedStim 15 10 12 6
2 rts 1316 579 552 710
2 2 3 0 // 8 3 5 // 8 3 5
2 clickedStim 12 13 16 18 7
2 rts 1064 610 402 377 496
2 3 4 0 // 4 5 8 10 // 4 5 8 10
2 clickedStim 14 17 9 18 7
2 rts 2686 530 792 605 737
2 3 4 0 // 6 9 1 10 // 6 9 1 10
2 clickedStim 15 18 17 11 10 8
2 rts 1703 519 656 693 767 967
2 4 5 0 // 6 9 8 2 1 // 6 9 8 2 1
2 clickedStim 10 16 12 11 13 8
2 rts 1349 454 941 710 545 738
2 4 5 0 // 1 7 3 2 4 // 1 7 3 2 4
2 clickedStim 17 16 13 15 12 18 9
2 rts 1168 940 544 788 656 554 792
2 5 6 0 // 7 6 3 5 2 8 // 7 6 3 5 2 8
2 clickedStim 13 14 18 12 19 11 9
2 rts 1918 832 609 1671 576 649 626
2 5 6 0 // 3 4 8 2 9 1 // 3 4 8 2 9 1
2 clickedStim 15 19 20 16 21 18 10
2 rts 1245 1117 1129 632 612 545 682
2 6 7 1 // 4 8 9 1 5 10 7 // 4 8 9 5 10 7
2 clickedStim 21 14 19 13 16 17 12 10
2 rts 1306 673 743 1148 408 599 689 696
2 6 7 0 // 10 3 8 2 5 6 1 // 10 3 8 2 5 6 1
2 clickedStim 18 21 17 20 13 10
2 rts 1057 502 577 379 621 735
2 6 7 1 // 7 2 10 8 5 9 6 // 7 10 6 9 2
