1 clickedStim 12 11 5
1 rts 1913 199 1095
1 0 2 0 // 6 5 // 6 5
2 clickedStim 13 15 5
2 rts 1945 380 1565
2 0 2 0 // 7 9 // 7 9
2 clickedStim 10 12 5
2 rts 1770 303 1089
2 0 2 0 // 4 6 // 4 6
2 clickedStim 13 11 12 6
2 rts 2037 314 151 919
2 2 3 0 // 6 4 5 // 6 4 5
2 clickedStim 17 12 9 6
2 rts 1464 289 166 3897
2 2 3 0 // 10 5 2 // 10 5 2
2 clickedStim 11 12 9 10 7
2 rts 1184 328 154 125 946
2 3 4 0 // 3 4 1 2 // 3 4 1 2
2 clickedStim 9 18 10 16 7
2 rts 1426 338 344 277 797
2 3 4 0 // 1 10 2 8 // 1 10 2 8
2 clickedStim 19 17 12 15 16 8
2 rts 1310 130 1489 95 432 1662
2 4 5 0 // 10 8 3 6 7 // 10 8 3 6 7
2 clickedStim 12 18 17 13 15 8
2 rts 1258 332 402 253 651 2084
2 4 5 0 // 3 9 8 4 6 // 3 9 8 4 6
2 clickedStim 13 18 12 19 14 15 9
2 rts 2005 536 533 1178 332 129 1217
2 5 6 0 // 3 8 2 9 4 5 // 3 8 2 9 4 5
2 clickedStim 19 13 12 16 17 11 9
2 rts 1254 476 530 457 384 216 1429
2 5 6 0 // 9 3 2 6 7 1 // 9 3 2 6 7 1
2 clickedStim 18 20 21 17 14 15 12 10
2 rts 1415 726 187 940 944 307 155 1969
2 6 7 0 // 7 9 10 6 3 4 1 // 7 9 10 6 3 4 1
2 clickedStim 13 19 15 12 11 21 12 14 17 10
2 rts 1823 311 296 729 2016 2549 317 293 86 1747
2 6 7 0 // 2 8 4 10 1 3 6 // 2 8 4 10 1 3 6
2 clickedStim 15 19 16 13 17 20 22 14 11
2 rts 1147 308 531 232 116 219 404 1734 1159
2 7 8 0 // 3 7 4 1 5 8 10 2 // 3 7 4 1 5 8 10 2
2 clickedStim 15 13 14 19 17 16 22 18 11
2 rts 1106 224 145 371 227 1718 2532 313 1410
2 7 8 1 // 3 1 2 6 5 4 7 9 // 3 1 2 7 5 4 10 6
2 clickedStim 13 16 17 20 18 22 19 15 11
2 rts 832 89 1398 69 791 2098 261 374 678
2 7 8 0 // 1 4 5 8 6 10 7 3 // 1 4 5 8 6 10 7 3
2 clickedStim 20 21 22 16 19 17 14 15 12
2 rts 1224 548 734 777 622 358 4856 104 372
2 8 9 1 // 7 8 5 9 2 1 3 6 4 // 7 8 9 3 6 4 1 2
2 clickedStim 18 17 15 16 14 23 19 22 12
2 rts 1521 244 254 276 208 394 1095 383 441
2 8 9 1 // 5 4 2 3 1 7 10 6 8 // 5 4 2 3 1 10 6 9
