1 clickedStim 15 9 5
1 rts 1758 786 1468
1 0 2 0 // 9 3 // 9 3
2 clickedStim 9 15 5
2 rts 2179 611 1027
2 0 2 0 // 3 9 // 3 9
2 clickedStim 8 15 5
2 rts 1560 728 963
2 0 2 0 // 2 9 // 2 9
2 clickedStim 13 9 16 6
2 rts 1179 659 607 664
2 2 3 0 // 6 2 9 // 6 2 9
2 clickedStim 13 12 16 6
2 rts 1092 523 549 922
2 2 3 0 // 6 5 9 // 6 5 9
2 clickedStim 18 13 17 11 7
2 rts 1912 454 452 516 985
2 3 4 0 // 10 5 9 3 // 10 5 9 3
2 clickedStim 18 11 10 14 7
2 rts 1530 1174 736 572 876
2 3 4 0 // 10 3 2 6 // 10 3 2 6
2 clickedStim 18 15 19 14 11 8
2 rts 1619 737 693 796 694 773
2 4 5 0 // 9 6 10 5 2 // 9 6 10 5 2
2 clickedStim 13 17 18 15 16 8
2 rts 1622 656 925 496 599 740
2 4 5 0 // 4 8 9 6 7 // 4 8 9 6 7
2 clickedStim 14 18 19 13 15 12 9
2 rts 1123 546 738 1467 579 478 736
2 5 6 1 // 4 9 8 5 3 2 // 4 8 9 3 5 2
2 clickedStim 12 13 15 14 17 18 9
2 rts 1653 542 920 735 645 931 619
2 5 6 0 // 2 3 5 4 7 8 // 2 3 5 4 7 8
2 clickedStim 16 12 13 18 17 14 9
2 rts 1077 1276 599 1982 1007 287 662
2 5 6 1 // 6 8 3 2 7 4 // 6 2 3 8 7 4
