1 clickedStim 14 13 5
1 rts 1540 518 579
1 0 2 0 // 8 7 // 8 7
2 clickedStim 14 10 5
2 rts 939 457 422
2 0 2 0 // 8 4 // 8 4
2 clickedStim 9 15 5
2 rts 1357 555 545
2 0 2 0 // 3 9 // 3 9
2 clickedStim 17 12 13 6
2 rts 744 299 234 500
2 2 3 0 // 10 5 6 // 10 5 6
2 clickedStim 9 13 15 6
2 rts 543 374 318 453
2 2 3 0 // 2 6 8 // 2 6 8
2 clickedStim 14 10 11 16 7
2 rts 999 390 308 305 402
2 3 4 0 // 6 2 3 8 // 6 2 3 8
2 clickedStim 17 13 12 10 7
2 rts 616 399 317 314 541
2 3 4 0 // 9 5 4 2 // 9 5 4 2
2 clickedStim 19 18 12 11 15 8
2 rts 561 407 334 392 371 487
2 4 5 0 // 10 9 3 2 6 // 10 9 3 2 6
2 clickedStim 18 13 19 17 16 8
2 rts 524 448 454 298 392 415
2 4 5 0 // 9 4 10 8 7 // 9 4 10 8 7
2 clickedStim 12 15 20 11 13 14 9
2 rts 881 359 364 415 960 416 579
2 5 6 0 // 2 5 10 1 3 4 // 2 5 10 1 3 4
2 clickedStim 11 17 12 13 14 19 9
2 rts 555 344 314 343 347 407 627
2 5 6 0 // 1 7 2 3 4 9 // 1 7 2 3 4 9
2 clickedStim 14 17 15 13 18 19 16 10
2 rts 816 235 885 336 331 284 219 405
2 6 7 0 // 3 6 4 2 7 8 5 // 3 6 4 2 7 8 5
2 clickedStim 15 14 18 21 13 19 16 10
2 rts 725 440 510 471 360 378 251 594
2 6 7 0 // 4 3 7 10 2 8 5 // 4 3 7 10 2 8 5
2 clickedStim 21 20 16 13 17 15 22 11
2 rts 1253 329 340 489 439 1535 401 1671
2 7 8 1 // 9 8 4 1 5 2 3 10 // 9 8 4 1 5 3 10
2 clickedStim 19 18 17 20 16 15 22 11
2 rts 900 494 687 569 2297 377 383 479
2 7 8 1 // 7 6 5 9 4 8 10 3 // 7 6 5 8 4 3 10
