1 clickedStim 11 12 5
1 rts 1146 509 682
1 0 2 0 // 5 6 // 5 6
2 clickedStim 15 11 5
2 rts 1321 663 613
2 0 2 0 // 9 5 // 9 5
2 clickedStim 14 8 5
2 rts 1128 605 784
2 0 2 0 // 8 2 // 8 2
2 clickedStim 17 14 16 6
2 rts 822 549 676 735
2 2 3 0 // 10 7 9 // 10 7 9
2 clickedStim 16 17 13 6
2 rts 1135 418 610 654
2 2 3 0 // 9 10 6 // 9 10 6
2 clickedStim 17 18 15 12 7
2 rts 885 536 444 349 819
2 3 4 0 // 9 10 7 4 // 9 10 7 4
2 clickedStim 11 15 13 18 7
2 rts 1196 571 483 642 769
2 3 4 0 // 3 7 5 10 // 3 7 5 10
2 clickedStim 19 18 13 12 14 8
2 rts 733 566 603 659 453 685
2 4 5 0 // 10 9 4 3 5 // 10 9 4 3 5
2 clickedStim 16 14 11 15 17 8
2 rts 1237 600 634 582 505 775
2 4 5 0 // 7 5 2 6 8 // 7 5 2 6 8
2 clickedStim 13 12 20 18 11 17 9
2 rts 1045 513 527 858 791 579 788
2 5 6 0 // 3 2 10 8 1 7 // 3 2 10 8 1 7
2 clickedStim 18 16 15 14 12 11 9
2 rts 1061 495 379 491 662 514 911
2 5 6 0 // 8 6 5 4 2 1 // 8 6 5 4 2 1
2 clickedStim 19 18 16 15 12 17 21 10
2 rts 891 1044 393 483 552 568 606 1037
2 6 7 1 // 8 7 5 1 4 6 10 // 8 7 5 4 1 6 10
2 clickedStim 17 13 15 19 18 12 16 10
2 rts 1671 550 634 648 540 657 498 906
2 6 7 0 // 6 2 4 8 7 1 5 // 6 2 4 8 7 1 5
2 clickedStim 17 19 15 13 16 18 12 10
2 rts 1444 565 543 646 583 542 791 962
2 6 7 0 // 6 8 4 2 5 7 1 // 6 8 4 2 5 7 1
2 clickedStim 13 21 22 18 14 17 20 19 11
2 rts 1245 698 483 593 635 546 514 524 731
2 7 8 0 // 1 9 10 6 2 5 8 7 // 1 9 10 6 2 5 8 7
2 clickedStim 17 21 16 13 22 15 19 20 11
2 rts 1529 574 447 408 522 649 687 402 725
2 7 8 0 // 5 9 4 1 10 3 7 8 // 5 9 4 1 10 3 7 8
2 clickedStim 14 17 21 19 22 20 16 23 15 12
2 rts 790 522 521 529 439 788 3022 730 666 953
2 8 9 1 // 1 4 8 3 9 7 6 10 2 // 1 4 8 6 9 7 3 10 2
2 clickedStim 16 20 19 15 14 21 22 23 18 12
2 rts 1029 1186 619 595 474 594 491 490 530 849
2 8 9 0 // 3 7 6 2 1 8 9 10 5 // 3 7 6 2 1 8 9 10 5
2 clickedStim 19 20 18 16 23 21 14 17 15 12
2 rts 1836 491 623 2532 520 400 1547 565 592 904
2 8 9 1 // 6 10 5 3 7 8 1 9 2 // 6 7 5 3 10 8 1 4 2
