1 clickedStim 10 14 5
1 rts 1689 625 2453
1 0 2 0 // 4 8 // 4 8
2 clickedStim 14 11 5
2 rts 1403 501 801
2 0 2 0 // 8 5 // 8 5
2 clickedStim 12 14 5
2 rts 1154 559 1026
2 0 2 0 // 6 8 // 6 8
2 clickedStim 15 9 10 6
2 rts 883 330 215 501
2 2 3 0 // 8 2 3 // 8 2 3
2 clickedStim 16 11 14 6
2 rts 934 422 72 651
2 2 3 0 // 9 4 7 // 9 4 7
2 clickedStim 12 15 13 10 7
2 rts 981 274 152 102 507
2 3 4 0 // 4 7 5 2 // 4 7 5 2
2 clickedStim 15 18 9 17 7
2 rts 2276 281 310 399 535
2 3 4 0 // 7 10 1 9 // 7 10 1 9
2 clickedStim 15 16 18 11 10 8
2 rts 785 475 338 334 238 692
2 4 5 0 // 6 7 9 2 1 // 6 7 9 2 1
2 clickedStim 13 14 12 10 15 8
2 rts 1214 315 167 331 846 528
2 4 5 0 // 4 5 3 1 6 // 4 5 3 1 6
2 clickedStim 13 11 14 16 15 18 9
2 rts 1080 402 1401 277 265 427 829
2 5 6 0 // 3 1 4 6 5 8 // 3 1 4 6 5 8
2 clickedStim 11 15 17 12 13 18 9
2 rts 1316 345 239 260 228 294 2557
2 5 6 0 // 1 5 7 2 3 8 // 1 5 7 2 3 8
2 clickedStim 16 14 15 18 19 20 13 10
2 rts 1029 315 416 290 137 98 244 467
2 6 7 0 // 5 3 4 7 8 9 2 // 5 3 4 7 8 9 2
2 clickedStim 15 20 21 19 18 16 13 10
2 rts 1200 455 229 131 117 123 89 520
2 6 7 0 // 4 9 10 8 7 5 2 // 4 9 10 8 7 5 2
2 clickedStim 13 14 21 16 18 19 20 17 11
2 rts 1666 164 469 356 350 454 271 354 560
2 7 8 0 // 1 2 9 4 6 7 8 5 // 1 2 9 4 6 7 8 5
2 clickedStim 14 19 21 17 20 22 18 16 11
2 rts 977 1427 301 245 474 330 295 368 662
2 7 8 0 // 2 7 9 5 8 10 6 4 // 2 7 9 5 8 10 6 4
2 clickedStim 17 16 20 21 23 18 19 14 15 12
2 rts 1410 184 228 107 198 205 134 265 153 625
2 8 9 0 // 4 3 7 8 10 5 6 1 2 // 4 3 7 8 10 5 6 1 2
2 clickedStim 23 15 14 21 22 20 19 17 16 12
2 rts 1095 245 188 355 151 300 825 245 131 500
2 8 9 1 // 10 2 1 8 9 7 4 3 6 // 10 2 1 8 9 7 6 4 3
2 clickedStim 17 21 19 14 18 23 22 20 16 12
2 rts 1461 209 107 212 2347 610 600 323 375 497
2 8 9 0 // 4 8 6 1 5 10 9 7 3 // 4 8 6 1 5 10 9 7 3
