1 clickedStim 16 9 5
1 rts 1142 645 1549
1 0 2 0 // 10 3 // 10 3
2 clickedStim 9 16 5
2 rts 1756 606 743
2 0 2 0 // 3 10 // 3 10
2 clickedStim 10 6 16 10 5
2 rts 2125 1536 579 431 767
2 0 2 0 // 10 4 // 10 4
2 clickedStim 10 17 12 6
2 rts 1206 580 296 633
2 2 3 0 // 3 10 5 // 3 10 5
2 clickedStim 12 10 14 6
2 rts 1447 260 372 594
2 2 3 0 // 5 3 7 // 5 3 7
2 clickedStim 11 10 12 13 7
2 rts 820 253 232 192 605
2 3 4 0 // 3 2 4 5 // 3 2 4 5
2 clickedStim 14 10 18 13 7
2 rts 714 253 384 221 521
2 3 4 0 // 6 2 10 5 // 6 2 10 5
2 clickedStim 12 16 18 15 14 8
2 rts 1021 363 356 229 217 472
2 4 5 0 // 3 7 9 6 5 // 3 7 9 6 5
2 clickedStim 12 15 14 13 18 8
2 rts 905 189 222 209 372 422
2 4 5 0 // 3 6 5 4 9 // 3 6 5 4 9
2 clickedStim 18 13 20 19 11 12 9
2 rts 999 224 343 284 337 225 528
2 5 6 0 // 8 3 10 9 1 2 // 8 3 10 9 1 2
2 clickedStim 18 19 10 17 19 13 16 14 9
2 rts 945 684 1357 672 493 758 196 406 583
2 5 6 1 // 8 7 9 6 3 4 // 8 7 9 3 6 4
2 clickedStim 17 13 11 15 12 19 9
2 rts 1637 467 485 437 260 725 626
2 5 6 0 // 7 3 1 5 2 9 // 7 3 1 5 2 9
2 clickedStim 16 18 20 15 13 12 21 10
2 rts 906 275 346 438 265 298 477 528
2 6 7 0 // 5 7 9 4 2 1 10 // 5 7 9 4 2 1 10
2 clickedStim 14 13 17 18 15 16 19 10
2 rts 1066 329 710 467 403 283 317 501
2 6 7 0 // 3 2 6 7 4 5 8 // 3 2 6 7 4 5 8
2 clickedStim 17 21 22 18 20 16 13 14 11
2 rts 927 349 396 348 1134 283 203 240 523
2 7 8 1 // 5 9 10 6 8 1 4 2 // 5 9 10 6 8 4 1 2
2 clickedStim 19 21 15 17 18 16 20 13 11
2 rts 898 417 345 318 336 686 375 293 576
2 7 8 0 // 7 9 3 5 6 4 8 1 // 7 9 3 5 6 4 8 1
2 clickedStim 20 19 14 16 17 21 13 15 11
2 rts 1927 283 345 290 631 283 375 360 464
2 7 8 0 // 8 7 2 4 5 9 1 3 // 8 7 2 4 5 9 1 3
2 clickedStim 19 15 14 21 23 17 22 16 12
2 rts 1496 255 229 528 673 338 1407 304 1137
2 8 9 1 // 6 2 1 8 10 4 5 9 3 // 6 2 1 8 10 4 9 3
2 clickedStim 18 22 15 20 19 21 14 17 12
2 rts 1180 192 319 1802 1241 1695 3683 208 597
2 8 9 1 // 3 5 9 7 2 1 8 6 4 // 5 9 2 7 6 8 1 4
