1 clickedStim 14 8 5
1 rts 1129 273 1067
1 0 2 0 // 8 2 // 8 2
2 clickedStim 14 12 5
2 rts 909 379 637
2 0 2 0 // 8 6 // 8 6
2 clickedStim 15 8 5
2 rts 920 559 692
2 0 2 0 // 9 2 // 9 2
2 clickedStim 16 11 8 6
2 rts 722 478 279 680
2 2 3 0 // 9 4 1 // 9 4 1
2 clickedStim 15 17 9 6
2 rts 718 264 595 815
2 2 3 0 // 8 10 2 // 8 10 2
2 clickedStim 12 9 15 16 7
2 rts 1260 300 449 584 945
2 3 4 0 // 4 1 7 8 // 4 1 7 8
2 clickedStim 16 14 13 10 7
2 rts 2639 291 276 214 1062
2 3 4 1 // 2 4 6 5 // 8 6 5 2
2 clickedStim 15 10 13 9 7
2 rts 1113 333 464 273 719
2 3 4 0 // 7 2 5 1 // 7 2 5 1
2 clickedStim 19 13 11 16 10 8
2 rts 1183 690 341 665 313 666
2 4 5 0 // 10 4 2 7 1 // 10 4 2 7 1
2 clickedStim 17 11 16 15 19 8
2 rts 832 666 1406 1008 915 3161
2 4 5 0 // 8 2 7 6 10 // 8 2 7 6 10
2 clickedStim 14 11 15 16 17 19 9
2 rts 1181 254 601 805 898 594 795
2 5 6 0 // 4 1 5 6 7 9 // 4 1 5 6 7 9
2 clickedStim 14 13 18 16 12 11 9
2 rts 1145 778 1606 2285 538 1087 1955
2 5 6 1 // 4 3 8 2 6 1 // 4 3 8 6 2 1
2 clickedStim 13 18 15 9
2 rts 1318 373 226 590
2 5 6 1 // 7 4 6 3 8 5 // 3 8 5
