1 clickedStim 12 8 -1 -1 5
1 rts 2171 600 99999 99999 43052
1 0 2 0 // 6 2 // 6 2
2 clickedStim 11 6 15 11 5
2 rts 2185 1175 606 375 576
2 0 2 0 // 9 5 // 9 5
2 clickedStim 15 6 6 14 12 5
2 rts 5829 1573 251 1151 252 950
2 0 2 1 // 4 7 // 8 6
2 clickedStim 12 13 5
2 rts 3023 657 838
2 0 2 0 // 6 7 // 6 7
2 clickedStim 9 17 13 6
2 rts 1276 1054 1019 623
2 2 3 0 // 2 10 6 // 2 10 6
2 clickedStim 13 16 15 6
2 rts 1702 553 454 662
2 2 3 0 // 6 9 8 // 6 9 8
2 clickedStim 14 13 12 16 7
2 rts 1341 477 669 644 687
2 3 4 0 // 6 5 4 8 // 6 5 4 8
2 clickedStim 16 15 18 14 7
2 rts 1815 1907 1476 1113 609
2 3 4 0 // 8 7 10 6 // 8 7 10 6
2 clickedStim 17 14 18 11 19 8
2 rts 1587 635 679 1916 1045 922
2 4 5 1 // 8 9 5 2 10 // 8 5 9 2 10
2 clickedStim 14 11 12 10 15 8
2 rts 1071 397 300 603 1278 631
2 4 5 0 // 5 2 3 1 6 // 5 2 3 1 6
2 clickedStim 10 13 16 17 15 8
2 rts 1074 531 570 2918 3457 742
2 4 5 0 // 1 4 7 8 6 // 1 4 7 8 6
2 clickedStim 17 11 14 19 16 20 9
2 rts 3327 2267 552 884 404 545 469
2 5 6 0 // 7 1 4 9 6 10 // 7 1 4 9 6 10
2 clickedStim 20 19 17 15 18 12 9
2 rts 1429 273 1080 385 283 337 756
2 5 6 0 // 10 9 7 5 8 2 // 10 9 7 5 8 2
2 clickedStim 18 19 20 16 21 12 14 10
2 rts 1103 248 203 579 275 374 778 587
2 6 7 0 // 7 8 9 5 10 1 3 // 7 8 9 5 10 1 3
2 clickedStim 18 16 20 21 19 14 17 10
2 rts 3762 213 217 641 283 233 107 581
2 6 7 1 // 6 3 9 10 5 8 7 // 7 5 9 10 8 3 6
2 clickedStim 12 19 21 16 14 20 17 10
2 rts 1628 574 272 333 269 255 298 531
2 6 7 0 // 1 8 10 5 3 9 6 // 1 8 10 5 3 9 6
2 clickedStim 19 15 13 17 14 16 18 22 11
2 rts 886 429 496 196 158 205 347 288 527
2 7 8 0 // 7 3 1 5 2 4 6 10 // 7 3 1 5 2 4 6 10
2 clickedStim 17 18 14 16 22 20 19 11
2 rts 2878 655 157 125 310 1035 1477 422
2 7 8 1 // 5 1 6 2 4 3 9 8 // 5 6 2 4 10 8 7
2 clickedStim 17 14 18 22 15 13 16 20 11
2 rts 1124 197 327 944 635 353 1728 140 488
2 7 8 1 // 5 9 6 10 2 1 3 8 // 5 2 6 10 3 1 4 8
