1 clickedStim 12 11 5
1 rts 1134 588 1236
1 0 2 0 // 6 5 // 6 5
2 clickedStim 9 12 5
2 rts 2892 621 811
2 0 2 0 // 3 6 // 3 6
2 clickedStim 9 8 5
2 rts 1133 264 534
2 0 2 0 // 3 2 // 3 2
2 clickedStim 8 14 12 6
2 rts 1596 535 801 620
2 2 3 0 // 1 7 5 // 1 7 5
2 clickedStim 12 14 17 6
2 rts 701 477 436 492
2 2 3 0 // 5 7 10 // 5 7 10
2 clickedStim 17 12 15 14 7
2 rts 1225 559 321 480 546
2 3 4 0 // 9 4 7 6 // 9 4 7 6
2 clickedStim 18 12 13 14 7
2 rts 912 411 291 316 518
2 3 4 0 // 10 4 5 6 // 10 4 5 6
2 clickedStim 11 19 13 17 18 8
2 rts 981 571 541 685 466 554
2 4 5 0 // 2 10 4 8 9 // 2 10 4 8 9
2 clickedStim 17 16 19 11 12 8
2 rts 1217 466 346 473 291 632
2 4 5 0 // 8 7 10 2 3 // 8 7 10 2 3
2 clickedStim 15 13 20 11 14 17 9
2 rts 672 457 514 530 262 260 485
2 5 6 0 // 5 3 10 1 4 7 // 5 3 10 1 4 7
2 clickedStim 17 12 19 15 13 11 9
2 rts 1274 486 716 349 378 515 542
2 5 6 0 // 7 2 9 5 3 1 // 7 2 9 5 3 1
2 clickedStim 21 16 18 14 15 20 19 10
2 rts 1093 400 519 551 484 422 429 609
2 6 7 0 // 10 5 7 3 4 9 8 // 10 5 7 3 4 9 8
2 clickedStim 12 17 13 15 18 21 14 10
2 rts 1154 510 385 434 332 705 666 635
2 6 7 0 // 1 6 2 4 7 10 3 // 1 6 2 4 7 10 3
2 clickedStim 13 15 20 18 16 22 21 17 11
2 rts 1381 629 502 532 640 679 497 468 484
2 7 8 0 // 1 3 8 6 4 10 9 5 // 1 3 8 6 4 10 9 5
2 clickedStim 17 14 16 13 15 20 21 19 11
2 rts 803 285 322 357 557 508 369 503 619
2 7 8 0 // 5 2 4 1 3 8 9 7 // 5 2 4 1 3 8 9 7
2 clickedStim 14 20 17 18 15 22 16 21 19 12
2 rts 1297 356 1120 472 421 799 553 585 426 520
2 8 9 0 // 1 7 4 5 2 9 3 8 6 // 1 7 4 5 2 9 3 8 6
2 clickedStim 22 15 14 16 19 21 17 18 23 12
2 rts 1361 445 415 594 383 504 2444 1796 404 544
2 8 9 1 // 9 2 1 3 6 4 5 8 10 // 9 2 1 3 6 8 4 5 10
2 clickedStim 16 15 18 19 20 23 22 21 14 12
2 rts 1646 491 421 387 999 2214 502 472 436 595
2 8 9 0 // 3 2 5 6 7 10 9 8 1 // 3 2 5 6 7 10 9 8 1
