1 clickedStim 11 14 5
1 rts 3422 1191 1689
1 0 2 0 // 5 8 // 5 8
2 clickedStim 12 7 5
2 rts 2045 817 996
2 0 2 0 // 6 1 // 6 1
2 clickedStim 10 14 5
2 rts 1898 1070 1142
2 0 2 0 // 4 8 // 4 8
2 clickedStim 13 14 17 6
2 rts 2487 1335 813 1081
2 2 3 0 // 6 7 10 // 6 7 10
2 clickedStim 12 8 15 6
2 rts 2736 817 1132 1139
2 2 3 0 // 5 1 8 // 5 1 8
2 clickedStim 13 14 11 18 7
2 rts 1555 784 748 918 3786
2 3 4 0 // 5 6 3 10 // 5 6 3 10
2 clickedStim 18 15 9 12 7
2 rts 1743 709 799 624 1141
2 3 4 0 // 10 7 1 4 // 10 7 1 4
2 clickedStim 13 12 17 16 14 8
2 rts 1738 872 785 735 686 1107
2 4 5 0 // 4 3 8 7 5 // 4 3 8 7 5
2 clickedStim 18 16 11 19 14 8
2 rts 1959 820 841 1069 1621 1355
2 4 5 0 // 9 7 2 10 5 // 9 7 2 10 5
2 clickedStim 18 17 15 11 13 14 9
2 rts 1602 836 872 739 876 1288 870
2 5 6 0 // 8 7 5 1 3 4 // 8 7 5 1 3 4
2 clickedStim 16 13 11 20 12 9
2 rts 2007 832 972 1095 2028 2003
2 5 6 1 // 6 3 1 10 2 7 // 6 3 1 10 2
2 clickedStim 19 18 20 10 10 10 17 18 20 19 12 14 9
2 rts 1955 779 773 3971 185 171 1988 677 1169 725 296 503 537
2 5 6 0 // 7 8 10 9 2 4 // 7 8 10 9 2 4
2 clickedStim 13 16 18 21 19 20 17 10
2 rts 1422 439 370 560 660 440 266 1733
2 6 7 0 // 2 5 7 10 8 9 6 // 2 5 7 10 8 9 6
2 clickedStim 20 12 11 17 16 19 18 13 11 10
2 rts 1927 823 1208 2274 320 1898 1307 305 1460 566
2 6 7 1 // 1 10 9 6 7 4 2 // 9 6 5 8 7
2 clickedStim 19 17 15 16 20 10
2 rts 8462 543 643 3871 394 999
2 6 7 1 // 10 9 4 1 8 5 3 // 8 6 4 5 9
