1 clickedStim 14 9 5
1 rts 3825 499 672
1 0 2 0 // 8 3 // 8 3
2 clickedStim 13 8 5
2 rts 1115 552 597
2 0 2 0 // 7 2 // 7 2
2 clickedStim 9 7 5
2 rts 1000 448 496
2 0 2 0 // 3 1 // 3 1
2 clickedStim 11 10 13 6
2 rts 899 556 337 609
2 2 3 0 // 4 3 6 // 4 3 6
2 clickedStim 11 13 17 6
2 rts 799 404 433 482
2 2 3 0 // 4 6 10 // 4 6 10
2 clickedStim 9 15 12 14 7
2 rts 924 429 389 360 564
2 3 4 0 // 1 7 4 6 // 1 7 4 6
2 clickedStim 9 16 15 10 7
2 rts 757 483 530 449 637
2 3 4 0 // 1 8 7 2 // 1 8 7 2
2 clickedStim 13 10 14 9 16 15 14 8
2 rts 1020 300 1421 2447 605 427 272 455
2 4 5 1 // 4 1 6 3 5 // 4 1 7 6 5
2 clickedStim 10 13 12 16 19 8
2 rts 927 303 533 467 428 591
2 4 5 0 // 1 4 3 7 10 // 1 4 3 7 10
2 clickedStim 17 16 12 15 11 8
2 rts 1424 447 602 436 374 500
2 4 5 0 // 8 7 3 6 2 // 8 7 3 6 2
2 clickedStim 12 11 14 16 17 15 9
2 rts 1150 545 586 539 1585 478 587
2 5 6 1 // 2 1 4 6 10 5 // 2 1 4 6 7 5
2 clickedStim 16 19 15 12 17 14 9
2 rts 1053 430 498 1081 388 249 551
2 5 6 0 // 6 9 5 2 7 4 // 6 9 5 2 7 4
2 clickedStim 13 10 12 13 14 16 17 11 9
2 rts 1610 1787 635 405 506 575 889 1003 516
2 5 6 1 // 2 3 4 6 1 7 // 2 3 4 6 7 1
