1 clickedStim 7 14 5
1 rts 1521 398 551
1 0 2 0 // 1 8 // 1 8
2 clickedStim 7 8 5
2 rts 931 414 460
2 0 2 0 // 1 2 // 1 2
2 clickedStim 12 15 5
2 rts 934 178 508
2 0 2 0 // 6 9 // 6 9
2 clickedStim 9 16 17 6
2 rts 783 372 285 453
2 2 3 0 // 2 9 10 // 2 9 10
2 clickedStim 8 14 15 6
2 rts 800 399 261 450
2 2 3 0 // 1 7 8 // 1 7 8
2 clickedStim 10 17 16 18 7
2 rts 674 353 301 236 756
2 3 4 0 // 2 9 8 10 // 2 9 8 10
2 clickedStim 14 18 9 15 7
2 rts 770 472 442 392 606
2 3 4 0 // 6 10 1 7 // 6 10 1 7
2 clickedStim 10 14 16 11 17 8
2 rts 556 487 818 558 299 404
2 4 5 0 // 1 5 7 2 8 // 1 5 7 2 8
2 clickedStim 18 12 15 19 11 8
2 rts 596 421 332 431 384 769
2 4 5 0 // 9 3 6 10 2 // 9 3 6 10 2
2 clickedStim 18 14 16 11 20 12 9
2 rts 728 480 370 376 353 472 441
2 5 6 0 // 8 4 6 1 10 2 // 8 4 6 1 10 2
2 clickedStim 17 12 18 16 14 20 9
2 rts 1297 484 408 374 348 419 664
2 5 6 0 // 7 2 8 6 4 10 // 7 2 8 6 4 10
2 clickedStim 12 17 20 16 15 14 21 10
2 rts 2214 488 1316 576 369 401 351 461
2 6 7 0 // 1 6 9 5 4 3 10 // 1 6 9 5 4 3 10
2 clickedStim 16 20 15 13 14 19 12 10
2 rts 2336 888 909 645 1257 410 390 594
2 6 7 0 // 5 9 4 2 3 8 1 // 5 9 4 2 3 8 1
2 clickedStim 22 21 14 16 19 17 15 13 11
2 rts 2359 683 1152 1370 884 1121 374 1083 487
2 7 8 0 // 10 9 2 4 7 5 3 1 // 10 9 2 4 7 5 3 1
2 clickedStim 19 21 13 17 22 16 18 14 11
2 rts 2111 514 1783 552 1243 461 1066 878 527
2 7 8 0 // 7 9 1 5 10 4 6 2 // 7 9 1 5 10 4 6 2
2 clickedStim 23 18 17 16 15 21 20 22 19 12
2 rts 2024 549 1591 985 1192 1250 2765 398 275 1133
2 8 9 1 // 10 5 4 3 2 8 7 6 9 // 10 5 4 3 2 8 7 9 6
2 clickedStim 14 22 16 15 19 17 23 20 18 12
2 rts 2092 802 999 659 1194 515 950 442 267 443
2 8 9 0 // 1 9 3 2 6 4 10 7 5 // 1 9 3 2 6 4 10 7 5
2 clickedStim 19 18 15 21 22 23 20 14 16 12
2 rts 1890 1061 619 369 302 1742 912 937 390 571
2 8 9 1 // 6 5 2 8 9 10 7 3 1 // 6 5 2 8 9 10 7 1 3
