1 clickedStim 14 12 5
1 rts 1914 1302 3788
1 0 2 0 // 8 6 // 8 6
2 clickedStim 13 12 5
2 rts 1709 990 1351
2 0 2 0 // 7 6 // 7 6
2 clickedStim 16 7 5
2 rts 1249 1380 1661
2 0 2 0 // 10 1 // 10 1
2 clickedStim 15 17 16 6
2 rts 1322 897 936 1859
2 2 3 0 // 8 10 9 // 8 10 9
2 clickedStim 15 9 8 6
2 rts 1490 864 1506 1600
2 2 3 0 // 8 2 1 // 8 2 1
2 clickedStim 16 17 13 18 7
2 rts 1396 1062 911 861 1120
2 3 4 0 // 8 9 5 10 // 8 9 5 10
2 clickedStim 15 13 18 14 7
2 rts 1851 1043 981 1086 1211
2 3 4 0 // 7 5 10 6 // 7 5 10 6
2 clickedStim 11 14 18 15 16 8
2 rts 1513 848 1293 687 1226 1045
2 4 5 0 // 2 5 9 6 7 // 2 5 9 6 7
2 clickedStim 10 17 13 15 11 8
2 rts 1861 902 677 848 705 4838
2 4 5 0 // 1 8 4 6 2 // 1 8 4 6 2
2 clickedStim 14 13 11 19 20 16 9
2 rts 1357 775 757 1000 886 817 2096
2 5 6 0 // 4 3 1 9 10 6 // 4 3 1 9 10 6
2 clickedStim 16 19 17 14 15 13 9
2 rts 1598 615 1541 711 874 971 1283
2 5 6 0 // 6 9 7 4 5 3 // 6 9 7 4 5 3
2 clickedStim 14 20 16 13 12 21 17 10
2 rts 1926 1039 812 670 1223 1048 1020 1578
2 6 7 0 // 3 9 5 2 1 10 6 // 3 9 5 2 1 10 6
2 clickedStim 20 21 17 16 18 15 12 10
2 rts 3736 752 712 620 673 620 678 1749
2 6 7 0 // 9 10 6 5 7 4 1 // 9 10 6 5 7 4 1
2 clickedStim 15 17 20 14 13 22 18 11
2 rts 2276 1152 663 795 1109 869 1160 2785
2 7 8 1 // 3 5 8 2 1 10 6 7 // 3 5 8 2 1 10 6
2 clickedStim 17 21 22 20 14 18 15 13 11
2 rts 2529 652 760 705 948 885 2035 1131 1445
2 7 8 0 // 5 9 10 8 2 6 3 1 // 5 9 10 8 2 6 3 1
2 clickedStim 19 14 16 17 18 20 13 15 11
2 rts 3668 923 670 625 709 1501 2437 773 1032
2 7 8 0 // 7 2 4 5 6 8 1 3 // 7 2 4 5 6 8 1 3
2 clickedStim 18 22 21 17 15 23 19 12
2 rts 2297 772 824 1294 953 1088 759 5472
2 8 9 1 // 5 7 9 4 10 3 2 6 1 // 5 9 8 4 2 10 6
2 clickedStim 23 22 15 17 18 19 21 16 12
2 rts 2583 796 773 770 920 1589 832 2724 2251
2 8 9 1 // 10 9 2 4 5 8 6 3 1 // 10 9 2 4 5 6 8 3
