1 clickedStim 9 11 5
1 rts 8970 445 745
1 0 2 0 // 3 5 // 3 5
2 clickedStim 11 15 5
2 rts 2697 580 720
2 0 2 0 // 5 9 // 5 9
2 clickedStim 11 9 5
2 rts 798 399 844
2 0 2 0 // 5 3 // 5 3
2 clickedStim 8 17 15 6
2 rts 888 582 243 704
2 2 3 0 // 1 10 8 // 1 10 8
2 clickedStim 16 8 11 6
2 rts 1238 1010 220 742
2 2 3 0 // 9 1 4 // 9 1 4
2 clickedStim 10 9 11 18 7
2 rts 770 238 713 514 1047
2 3 4 0 // 2 1 3 10 // 2 1 3 10
2 clickedStim 15 11 13 9 7
2 rts 919 743 335 350 747
2 3 4 0 // 7 3 5 1 // 7 3 5 1
2 clickedStim 18 14 15 12 10 8
2 rts 827 1067 378 291 608 817
2 4 5 0 // 9 5 6 3 1 // 9 5 6 3 1
2 clickedStim 17 11 14 15 19 8
2 rts 2567 1070 736 414 462 620
2 4 5 0 // 8 2 5 6 10 // 8 2 5 6 10
2 clickedStim 11 17 16 18 14 20 9
2 rts 2799 590 852 719 643 521 680
2 5 6 0 // 1 7 6 8 4 10 // 1 7 6 8 4 10
2 clickedStim 14 18 16 17 20 13 9
2 rts 4109 506 773 635 308 564 771
2 5 6 0 // 4 8 6 7 10 3 // 4 8 6 7 10 3
2 clickedStim 12 16 18 21 19 13 14 10
2 rts 2621 412 468 827 562 574 401 1063
2 6 7 0 // 1 5 7 10 8 2 3 // 1 5 7 10 8 2 3
2 clickedStim 17 11 19 17 16 18 21 12 10
2 rts 3176 1610 972 726 717 1080 385 1124 914
2 6 7 1 // 8 9 6 5 7 10 1 // 8 6 5 7 10 1
2 clickedStim 13 16 19 21 15 18 14 10
2 rts 2467 518 1011 328 2432 290 673 2034
2 6 7 0 // 2 5 8 10 4 7 3 // 2 5 8 10 4 7 3
2 clickedStim 21 17 22 16 18 19 14 15 11
2 rts 1678 456 1141 657 650 531 520 420 569
2 7 8 1 // 9 5 10 4 6 7 3 8 // 9 5 10 4 6 7 2 3
2 clickedStim 16 21 20 13 14 18 19 22 11
2 rts 2877 630 1348 877 521 622 626 557 724
2 7 8 0 // 4 9 8 1 2 6 7 10 // 4 9 8 1 2 6 7 10
2 clickedStim 15 14 16 17 18 19 21 22 11
2 rts 3742 480 1151 652 640 2278 550 381 704
2 7 8 1 // 3 2 4 5 6 9 7 10 // 3 2 4 5 6 7 9 10
