1 clickedStim 15 11 5
1 rts 1172 648 880
1 0 2 0 // 9 5 // 9 5
2 clickedStim 12 10 5
2 rts 1192 598 865
2 0 2 0 // 6 4 // 6 4
2 clickedStim 14 8 5
2 rts 856 598 1181
2 0 2 0 // 8 2 // 8 2
2 clickedStim 15 13 9 6
2 rts 839 566 531 748
2 2 3 0 // 8 6 2 // 8 6 2
2 clickedStim 9 16 17 6
2 rts 990 614 564 680
2 2 3 0 // 2 9 10 // 2 9 10
2 clickedStim 18 16 9 10 7
2 rts 637 547 581 531 915
2 3 4 0 // 10 8 1 2 // 10 8 1 2
2 clickedStim 14 13 18 9 7
2 rts 1188 532 582 1231 680
2 3 4 0 // 6 5 10 1 // 6 5 10 1
2 clickedStim 16 11 13 14 19 8
2 rts 968 665 582 431 548 698
2 4 5 0 // 7 2 4 5 10 // 7 2 4 5 10
2 clickedStim 14 12 19 16 11 8
2 rts 884 596 666 498 632 815
2 4 5 0 // 5 3 10 7 2 // 5 3 10 7 2
2 clickedStim 11 16 17 14 20 9
2 rts 815 564 2931 1700 832 598
2 5 6 1 // 1 6 7 8 4 5 // 1 6 7 4 10
2 clickedStim 16 20 18 12 14 9
2 rts 1162 515 965 464 348 1015
2 5 6 1 // 6 10 8 2 4 5 // 6 10 8 2 4
