1 clickedStim 14 7 5
1 rts 1529 307 1162
1 0 2 0 // 8 1 // 8 1
2 clickedStim 7 8 5
2 rts 1493 181 588
2 0 2 0 // 1 2 // 1 2
2 clickedStim 7 14 5
2 rts 1307 329 536
2 0 2 0 // 1 8 // 1 8
2 clickedStim 13 16 7 14 16 6
2 rts 1111 884 1370 494 449 741
2 2 3 0 // 6 7 9 // 6 7 9
2 clickedStim 13 15 8 6
2 rts 1064 305 351 618
2 2 3 0 // 6 8 1 // 6 8 1
2 clickedStim 16 13 11 12 7
2 rts 1174 264 1101 279 708
2 3 4 0 // 8 5 3 4 // 8 5 3 4
2 clickedStim 11 10 17 18 7
2 rts 7529 943 323 232 1596
2 3 4 0 // 3 2 9 10 // 3 2 9 10
2 clickedStim 16 12 11 14 9 10 14 8
2 rts 2026 670 1846 1925 1133 879 533 801
2 4 5 0 // 7 3 2 1 5 // 7 3 2 1 5
2 clickedStim 10 17 14 19 16 8
2 rts 2573 595 2551 345 192 798
2 4 5 0 // 1 8 5 10 7 // 1 8 5 10 7
2 clickedStim 13 17 14 15 16 19 9
2 rts 2562 498 2638 216 2442 143 890
2 5 6 0 // 3 7 4 5 6 9 // 3 7 4 5 6 9
2 clickedStim 19 20 17 12 11 14 9
2 rts 3986 1264 470 2685 175 305 883
2 5 6 0 // 9 10 7 2 1 4 // 9 10 7 2 1 4
2 clickedStim 12 21 13 16 20 19 17 10
2 rts 2229 427 3012 666 9247 495 4145 1030
2 6 7 0 // 1 10 2 5 9 8 6 // 1 10 2 5 9 8 6
2 clickedStim 18 16 13 15 17 12 14 10
2 rts 3366 685 2446 250 2564 695 346 4617
2 6 7 0 // 7 5 2 4 6 1 3 // 7 5 2 4 6 1 3
2 clickedStim 17 14 13 20 18 22 15 16 11
2 rts 2483 336 1474 5288 379 2800 1521 1968 728
2 7 8 0 // 5 2 1 8 6 10 3 4 // 5 2 1 8 6 10 3 4
2 clickedStim 21 18 19 22 13 20 16 17 11
2 rts 6974 806 2383 289 2377 402 2364 275 759
2 7 8 0 // 9 6 7 10 1 8 4 5 // 9 6 7 10 1 8 4 5
2 clickedStim 15 22 16 23 14 20 18 19 21 12
2 rts 4254 431 2779 579 2726 371 284 2277 1892 683
2 8 9 0 // 2 9 3 10 1 7 5 6 8 // 2 9 3 10 1 7 5 6 8
2 clickedStim 22 16 19 14 15 23 21 20 17 12
2 rts 3546 870 5702 592 2679 583 2069 335 272 1240
2 8 9 0 // 9 3 6 1 2 10 8 7 4 // 9 3 6 1 2 10 8 7 4
