1 clickedStim 13 9 5
1 rts 1511 1042 1050
1 0 2 0 // 7 3 // 7 3
2 clickedStim 8 14 5
2 rts 1867 802 956
2 0 2 0 // 2 8 // 2 8
2 clickedStim 8 13 5
2 rts 3507 819 1547
2 0 2 0 // 2 7 // 2 7
2 clickedStim 16 12 8 6
2 rts 844 874 724 866
2 2 3 0 // 9 5 1 // 9 5 1
2 clickedStim 8 12 13 6
2 rts 1403 604 932 1018
2 2 3 0 // 1 5 6 // 1 5 6
2 clickedStim 10 15 16 14 7
2 rts 1244 860 1155 1643 851
2 3 4 0 // 2 7 8 6 // 2 7 8 6
2 clickedStim 14 16 9 15 7
2 rts 1939 699 779 795 891
2 3 4 0 // 6 8 1 7 // 6 8 1 7
2 clickedStim 15 12 14 11 10 8
2 rts 875 555 747 571 659 1099
2 4 5 0 // 6 3 5 2 1 // 6 3 5 2 1
2 clickedStim 11 12 15 14 16 8
2 rts 3419 795 1004 882 843 1067
2 4 5 0 // 2 3 6 5 7 // 2 3 6 5 7
2 clickedStim 16 13 15 14 20 11 9
2 rts 1027 619 875 683 852 1026 979
2 5 6 0 // 6 3 5 4 10 1 // 6 3 5 4 10 1
2 clickedStim 18 16 19 13 20 17 9
2 rts 1483 716 578 756 962 596 1155
2 5 6 0 // 8 6 9 3 10 7 // 8 6 9 3 10 7
2 clickedStim 21 19 18 13 15 14 17 10
2 rts 1731 595 788 1170 643 963 851 907
2 6 7 0 // 10 8 7 2 4 3 6 // 10 8 7 2 4 3 6
2 clickedStim 17 12 14 11 21 15 14 20 19 10
2 rts 1554 683 1723 2579 1512 707 1155 907 747 987
2 6 7 1 // 6 1 3 4 10 9 8 // 6 1 10 4 3 9 8
2 clickedStim 16 21 18 13 12 15 19 10
2 rts 1739 794 1595 835 899 571 723 859
2 6 7 1 // 5 10 7 2 1 8 4 // 5 10 7 2 1 4 8
