1 clickedStim 15 12 5
1 rts 2569 2539 5040
1 0 2 0 // 9 6 // 9 6
2 clickedStim 13 8 5
2 rts 4667 1164 4992
2 0 2 0 // 7 2 // 7 2
2 clickedStim 14 7 5
2 rts 3493 1175 4917
2 0 2 0 // 8 1 // 8 1
2 clickedStim 10 14 11 6
2 rts 4067 1080 702 2821
2 2 3 0 // 3 7 4 // 3 7 4
2 clickedStim 14 15 17 6
2 rts 2240 1600 1233 1319
2 2 3 0 // 7 8 10 // 7 8 10
2 clickedStim 15 13 12 18 7
2 rts 13259 1610 3295 836 8071
2 3 4 0 // 7 5 4 10 // 7 5 4 10
2 clickedStim 14 10 15 12 7
2 rts 9175 1602 6905 702 1292
2 3 4 0 // 6 2 7 4 // 6 2 7 4
2 clickedStim 14 17 19 11 10 8
2 rts 10322 1169 7429 1886 841 8158
2 4 5 0 // 5 8 10 2 1 // 5 8 10 2 1
2 clickedStim 10 16 13 19 11 8
2 rts 10668 935 771 9355 1873 15714
2 4 5 0 // 1 7 4 10 2 // 1 7 4 10 2
2 clickedStim 12 20 17 15 13 10 10 10 16 17 15 13 9
2 rts 7244 1333 1118 1083 1118 9643 671 592 2645 1853 8438 818 1437
2 5 6 0 // 2 10 6 7 5 3 // 2 10 6 7 5 3
2 clickedStim 12 15 11 13 16 17 9
2 rts 7845 686 2757 1238 766 1353 11580
2 5 6 0 // 2 5 1 3 6 7 // 2 5 1 3 6 7
2 clickedStim 20 14 15 17 19 18 13 11 11 13 18 10
2 rts 10750 6251 4226 1003 700 822 847 11270 670 1458 1144 1130
2 6 7 0 // 9 3 4 6 8 2 7 // 9 3 4 6 8 2 7
2 clickedStim 16 17 19 12 21 20 10
2 rts 6767 5835 5369 841 1943 1181 9737
2 6 7 1 // 5 6 8 1 3 10 9 // 5 6 8 1 10 9
2 clickedStim 20 21 13 12 14 19 18 10
2 rts 12967 1203 6841 1308 1214 4854 965 6420
2 6 7 0 // 9 10 2 1 3 8 7 // 9 10 2 1 3 8 7
2 clickedStim 11
2 rts 5712
2 7 8 1 // 9 10 7 4 3 8 2 5 // 
2 clickedStim 15 19 22 18 21 13 11
2 rts 7093 4260 1107 1199 727 1177 1270
2 7 8 1 // 2 8 3 7 10 6 9 1 // 3 7 10 6 9 1
