1 clickedStim 10 11 5
1 rts 1046 312 916
1 0 2 0 // 4 5 // 4 5
2 clickedStim 16 13 5
2 rts 1306 725 677
2 0 2 0 // 10 7 // 10 7
2 clickedStim 12 15 5
2 rts 1035 315 582
2 0 2 0 // 6 9 // 6 9
2 clickedStim 11 17 9 6
2 rts 877 532 817 619
2 2 3 0 // 4 10 2 // 4 10 2
2 clickedStim 14 17 10 6
2 rts 767 459 460 635
2 2 3 0 // 7 10 3 // 7 10 3
2 clickedStim 17 18 13 12 7
2 rts 1303 465 325 373 746
2 3 4 0 // 9 10 5 4 // 9 10 5 4
2 clickedStim 14 10 12 11 7
2 rts 1401 802 366 455 775
2 3 4 0 // 6 2 4 3 // 6 2 4 3
2 clickedStim 16 17 14 13 12 8
2 rts 1511 394 303 635 806 622
2 4 5 1 // 7 8 5 3 4 // 7 8 5 4 3
2 clickedStim 12 11 13 18 14 8
2 rts 2077 391 566 622 548 867
2 4 5 1 // 3 1 2 9 5 // 3 2 4 9 5
