1 clickedStim 8 13 5
1 rts 1602 896 670
1 0 2 0 // 2 7 // 2 7
2 clickedStim 8 15 5
2 rts 1286 681 705
2 0 2 0 // 2 9 // 2 9
2 clickedStim 12 14 5
2 rts 2689 510 540
2 0 2 0 // 6 8 // 6 8
2 clickedStim 12 10 16 6
2 rts 1275 865 684 572
2 2 3 0 // 5 3 9 // 5 3 9
2 clickedStim 14 10 17 6
2 rts 1065 936 781 583
2 2 3 0 // 7 3 10 // 7 3 10
2 clickedStim 17 18 11 13 7
2 rts 1158 790 803 637 770
2 3 4 0 // 9 10 3 5 // 9 10 3 5
2 clickedStim 17 11 18 14 7
2 rts 1196 1313 1126 993 853
2 3 4 0 // 9 3 10 6 // 9 3 10 6
2 clickedStim 12 13 10 11 15 8
2 rts 994 837 551 572 605 795
2 4 5 0 // 3 4 1 2 6 // 3 4 1 2 6
2 clickedStim 13 16 19 12 18 8
2 rts 1575 656 893 955 863 789
2 4 5 0 // 4 7 10 3 9 // 4 7 10 3 9
2 clickedStim 20 13 14 11 18 12 9
2 rts 1427 782 840 572 903 598 652
2 5 6 0 // 10 3 4 1 8 2 // 10 3 4 1 8 2
2 clickedStim 17 11 16 15 20 18 9
2 rts 1094 584 741 621 2343 539 611
2 5 6 0 // 7 1 6 5 10 8 // 7 1 6 5 10 8
2 clickedStim 19 17 20 12 15 14 13 10
2 rts 1927 521 431 595 516 624 525 637
2 6 7 0 // 8 6 9 1 4 3 2 // 8 6 9 1 4 3 2
2 clickedStim 17 19 16 18 13 15 12 10
2 rts 1192 613 402 551 1319 452 306 775
2 6 7 1 // 6 8 5 2 7 4 1 // 6 8 5 7 2 4 1
2 clickedStim 20 15 21 16 19 12 10
2 rts 1331 665 570 459 359 612 505
2 6 7 1 // 9 4 10 5 7 8 1 // 9 4 10 5 8 1
