1 clickedStim 16 11 5
1 rts 1354 719 7074
1 0 2 0 // 10 5 // 10 5
2 clickedStim 15 16 5
2 rts 1396 588 964
2 0 2 0 // 9 10 // 9 10
2 clickedStim 14 9 5
2 rts 1312 934 1486
2 0 2 0 // 8 3 // 8 3
2 clickedStim 15 12 9 6
2 rts 744 879 461 1142
2 2 3 0 // 8 5 2 // 8 5 2
2 clickedStim 17 9 8 6
2 rts 926 663 463 885
2 2 3 0 // 10 2 1 // 10 2 1
2 clickedStim 9 10 13 12 7
2 rts 1321 840 632 539 971
2 3 4 0 // 1 2 5 4 // 1 2 5 4
2 clickedStim 9 13 18 17 7
2 rts 1112 489 821 737 887
2 3 4 0 // 1 5 10 9 // 1 5 10 9
2 clickedStim 11 19 17 16 15 8
2 rts 889 922 428 1095 736 1175
2 4 5 0 // 2 10 8 7 6 // 2 10 8 7 6
2 clickedStim 16 14 12 19 18 8
2 rts 1431 840 698 751 498 764
2 4 5 0 // 7 5 3 10 9 // 7 5 3 10 9
2 clickedStim 13 15 11 14 18 19 9
2 rts 1162 544 1068 995 1400 2829 685
2 5 6 0 // 3 5 1 4 8 9 // 3 5 1 4 8 9
2 clickedStim 19 17 15 11 16 12 9
2 rts 1289 687 595 2141 634 399 1470
2 5 6 0 // 9 7 5 1 6 2 // 9 7 5 1 6 2
2 clickedStim 19 20 15 18 14 13 21 10
2 rts 695 418 537 393 2831 506 643 1006
2 6 7 0 // 8 9 4 7 3 2 10 // 8 9 4 7 3 2 10
2 clickedStim 20 13 16 18 15 12 21 10
2 rts 951 458 365 1098 533 392 715 1424
2 6 7 0 // 9 2 5 7 4 1 10 // 9 2 5 7 4 1 10
2 clickedStim 14 20 21 16 13 17 15 22 11
2 rts 674 463 507 1595 324 482 579 679 1027
2 7 8 0 // 2 8 9 4 1 5 3 10 // 2 8 9 4 1 5 3 10
2 clickedStim 20 21 17 13 15 22 19 14 11
2 rts 1348 411 406 1193 667 864 1853 690 1146
2 7 8 0 // 8 9 5 1 3 10 7 2 // 8 9 5 1 3 10 7 2
2 clickedStim 23 15 21 14 16 20 18 12
2 rts 1347 1081 585 598 666 11550 715 33421
2 8 9 1 // 10 2 8 1 3 7 5 9 6 // 10 2 8 1 3 7 5
2 clickedStim 15 23 14 20 21 17 16 19 22 12
2 rts 4878 632 1250 464 3082 452 1306 398 593 1370
2 8 9 0 // 2 10 1 7 8 4 3 6 9 // 2 10 1 7 8 4 3 6 9
2 clickedStim 23 16 18 17 19 22 14 20 21 12
2 rts 2711 942 582 521 735 370 1139 1998 580 1919
2 8 9 1 // 10 3 5 4 6 9 1 8 7 // 10 3 5 4 6 9 1 7 8
