1 clickedStim 8 14 5
1 rts 1297 522 734
1 0 2 0 // 2 8 // 2 8
2 clickedStim 16 15 5
2 rts 1061 513 829
2 0 2 0 // 10 9 // 10 9
2 clickedStim 14 12 5
2 rts 1105 558 855
2 0 2 0 // 8 6 // 8 6
2 clickedStim 12 15 9 6
2 rts 867 559 542 1108
2 2 3 0 // 5 8 2 // 5 8 2
2 clickedStim 9 17 10 6
2 rts 1122 611 581 689
2 2 3 0 // 2 10 3 // 2 10 3
2 clickedStim 18 14 16 17 7
2 rts 1100 590 615 611 700
2 3 4 0 // 10 6 8 9 // 10 6 8 9
2 clickedStim 16 12 15 14 7
2 rts 1070 559 337 615 879
2 3 4 0 // 8 4 7 6 // 8 4 7 6
2 clickedStim 17 19 13 11 18 8
2 rts 1092 389 552 525 622 756
2 4 5 0 // 8 10 4 2 9 // 8 10 4 2 9
2 clickedStim 11 19 10 12 15 8
2 rts 2295 609 612 599 429 1097
2 4 5 0 // 2 10 1 3 6 // 2 10 1 3 6
2 clickedStim 15 18 14 11 20 17 9
2 rts 1644 564 588 953 1061 461 889
2 5 6 0 // 5 8 4 1 10 7 // 5 8 4 1 10 7
2 clickedStim 15 11 20 19 13 16 9
2 rts 2176 617 857 483 597 447 625
2 5 6 1 // 5 1 7 9 3 6 // 5 1 10 9 3 6
2 clickedStim 18 15 17 14 19 20 9
2 rts 1972 480 659 542 589 522 512
2 5 6 1 // 8 5 7 4 9 1 // 8 5 7 4 9 10
