1 clickedStim 8 7 5
1 rts 1138 531 963
1 0 2 0 // 2 1 // 2 1
2 clickedStim 7 11 5
2 rts 1222 482 697
2 0 2 0 // 1 5 // 1 5
2 clickedStim 15 11 5
2 rts 1254 398 714
2 0 2 0 // 9 5 // 9 5
2 clickedStim 13 16 11 6
2 rts 1037 365 898 615
2 2 3 0 // 6 9 4 // 6 9 4
2 clickedStim 11 8 12 6
2 rts 1118 334 347 646
2 2 3 0 // 4 1 5 // 4 1 5
2 clickedStim 18 15 11 17 7
2 rts 619 498 613 515 614
2 3 4 0 // 10 7 3 9 // 10 7 3 9
2 clickedStim 13 15 9 17 7
2 rts 703 481 864 682 613
2 3 4 0 // 5 7 1 9 // 5 7 1 9
2 clickedStim 10 18 11 16 13 8
2 rts 1000 648 565 480 398 630
2 4 5 0 // 1 9 2 7 4 // 1 9 2 7 4
2 clickedStim 10 15 19 12 16 8
2 rts 835 630 497 515 498 632
2 4 5 0 // 1 6 10 3 7 // 1 6 10 3 7
2 clickedStim 18 16 19 13 20 17 9
2 rts 746 464 683 597 583 480 564
2 5 6 1 // 8 6 3 9 7 10 // 8 6 9 3 10 7
2 clickedStim 14 13 17 20 11 12 9
2 rts 1482 665 614 614 931 317 631
2 5 6 1 // 4 7 3 10 1 2 // 4 3 7 10 1 2
