1 clickedStim 9 16 5
1 rts 1340 590 1135
1 0 2 0 // 3 10 // 3 10
2 clickedStim 11 16 5
2 rts 980 530 421
2 0 2 0 // 5 10 // 5 10
2 clickedStim 14 10 5
2 rts 2228 536 555
2 0 2 0 // 8 4 // 8 4
2 clickedStim 13 12 14 6
2 rts 1157 538 391 677
2 2 3 0 // 6 5 7 // 6 5 7
2 clickedStim 9 12 17 6
2 rts 998 395 462 518
2 2 3 0 // 2 5 10 // 2 5 10
2 clickedStim 15 16 11 9 7
2 rts 1064 1882 592 531 730
2 3 4 0 // 7 8 3 1 // 7 8 3 1
2 clickedStim 9 11 14 10 7
2 rts 1099 480 473 329 936
2 3 4 0 // 1 3 6 2 // 1 3 6 2
2 clickedStim 16 11 14 13 15 8
2 rts 1124 640 328 367 677 574
2 4 5 0 // 7 2 5 4 6 // 7 2 5 4 6
2 clickedStim 15 12 14 16 19 8
2 rts 1092 358 503 397 514 436
2 4 5 0 // 6 3 5 7 10 // 6 3 5 7 10
2 clickedStim 18 17 20 19 16 15 9
2 rts 933 431 491 388 224 397 518
2 5 6 0 // 8 7 10 9 6 5 // 8 7 10 9 6 5
2 clickedStim 15 17 20 14 19 16 9
2 rts 1317 545 1245 513 491 232 662
2 5 6 0 // 5 7 10 4 9 6 // 5 7 10 4 9 6
2 clickedStim 14 17 19 13 16 21 12 10
2 rts 2380 322 1562 476 339 391 687 778
2 6 7 0 // 3 6 8 2 5 10 1 // 3 6 8 2 5 10 1
2 clickedStim 21 19 20 17 18 12 16 10
2 rts 2186 262 331 769 1000 494 5194 623
2 6 7 0 // 10 8 9 6 7 1 5 // 10 8 9 6 7 1 5
2 clickedStim 18 21 15 16 22 17 19 13 11
2 rts 1414 334 492 1133 780 1504 2504 490 980
2 7 8 0 // 6 9 3 4 10 5 7 1 // 6 9 3 4 10 5 7 1
2 clickedStim 16 15 20 21 13 22 14 18 11
2 rts 1453 611 1023 387 580 599 537 331 1305
2 7 8 0 // 4 3 8 9 1 10 2 6 // 4 3 8 9 1 10 2 6
2 clickedStim 17 21 18 14 23 16 22 19 15 12
2 rts 2274 807 293 353 539 552 561 641 393 759
2 8 9 0 // 4 8 5 1 10 3 9 6 2 // 4 8 5 1 10 3 9 6 2
2 clickedStim 19 22 18 21 20 13 13 13 13 13 18 23 19 21 20 22 14 17 15 12
2 rts 2043 223 310 233 1122 12083 215 181 185 191 2658 512 498 3173 487 1027 562 291 334 639
2 8 9 0 // 5 10 6 8 7 9 1 4 2 // 5 10 6 8 7 9 1 4 2
