1 clickedStim 16 15 5
1 rts 1291 1236 559
1 0 2 0 // 10 9 // 10 9
2 clickedStim 10 12 5
2 rts 1262 731 688
2 0 2 0 // 4 6 // 4 6
2 clickedStim 12 13 5
2 rts 1072 503 572
2 0 2 0 // 6 7 // 6 7
2 clickedStim 13 12 9 6
2 rts 793 491 415 671
2 2 3 0 // 6 5 2 // 6 5 2
2 clickedStim 14 9 16 6
2 rts 1126 619 755 666
2 2 3 0 // 7 2 9 // 7 2 9
2 clickedStim 18 17 15 10 7
2 rts 823 1099 536 623 853
2 3 4 0 // 10 9 7 2 // 10 9 7 2
2 clickedStim 18 11 10 16 7
2 rts 1182 693 497 539 640
2 3 4 0 // 10 3 2 8 // 10 3 2 8
2 clickedStim 14 15 10 17 16 8
2 rts 1129 539 575 581 452 27682
2 4 5 0 // 5 6 1 8 7 // 5 6 1 8 7
2 clickedStim 15 13 19 11 8
2 rts 4443 626 596 544 637
2 4 5 1 // 6 4 10 2 7 // 6 4 10 2
2 clickedStim 19 15 16 11 10 8
2 rts 1715 571 525 487 430 735
2 4 5 0 // 10 6 7 2 1 // 10 6 7 2 1
2 clickedStim 14 12 13 20 18 19 9
2 rts 2334 818 547 1131 495 996 3723
2 5 6 0 // 4 2 3 10 8 9 // 4 2 3 10 8 9
2 clickedStim 13 17 14 16 10 19 16 18 9
2 rts 2599 511 411 853 3657 1210 796 561 2666
2 5 6 0 // 3 7 4 9 6 8 // 3 7 4 9 6 8
2 clickedStim 14 13 20 12 15 19 10
2 rts 2574 448 494 760 709 859 2827
2 6 7 1 // 3 2 7 9 1 4 8 // 3 2 9 1 4 8
2 clickedStim 13 12 14 18 16 20 15 10
2 rts 4610 557 570 1771 828 1065 613 980
2 6 7 0 // 2 1 3 7 5 9 4 // 2 1 3 7 5 9 4
2 clickedStim 14 19 21 16 13 12 10
2 rts 3645 524 324 438 424 438 815
2 6 7 1 // 3 8 10 6 5 2 1 // 3 8 10 5 2 1
