1 clickedStim 13 15 5
1 rts 1724 1189 1038
1 0 2 0 // 7 9 // 7 9
2 clickedStim 16 8 5
2 rts 1447 807 1046
2 0 2 0 // 10 2 // 10 2
2 clickedStim 10 14 5
2 rts 1465 1167 866
2 0 2 0 // 4 8 // 4 8
2 clickedStim 14 8 11 6
2 rts 1167 784 830 1309
2 2 3 0 // 7 1 4 // 7 1 4
2 clickedStim 12 14 13 6
2 rts 1294 852 686 1054
2 2 3 0 // 5 7 6 // 5 7 6
2 clickedStim 10 13 17 15 7
2 rts 1867 769 971 919 1009
2 3 4 0 // 2 5 9 7 // 2 5 9 7
2 clickedStim 11 18 15 14 7
2 rts 1905 949 709 1024 1189
2 3 4 0 // 3 10 7 6 // 3 10 7 6
2 clickedStim 17 19 14 18 16 8
2 rts 1172 709 657 769 1062 1009
2 4 5 0 // 8 10 5 9 7 // 8 10 5 9 7
2 clickedStim 15 10 16 13 12 8
2 rts 1899 829 770 439 769 980
2 4 5 0 // 6 1 7 4 3 // 6 1 7 4 3
2 clickedStim 19 13 16 18 14 20 9
2 rts 852 776 898 1211 815 1422 867
2 5 6 0 // 9 3 6 8 4 10 // 9 3 6 8 4 10
2 clickedStim 18 16 15 11 13 20 9
2 rts 1640 919 813 883 815 859 747
2 5 6 0 // 8 6 5 1 3 10 // 8 6 5 1 3 10
2 clickedStim 21 17 18 20 19 15 12 10
2 rts 927 919 949 949 565 596 492 1076
2 6 7 0 // 10 6 7 9 8 4 1 // 10 6 7 9 8 4 1
2 clickedStim 20 14 16 19 17 13 18 10
2 rts 1821 1047 604 665 642 619 935 926
2 6 7 1 // 9 8 5 6 3 2 7 // 9 3 5 8 6 2 7
2 clickedStim 18 17 20 19 15 12 21 10
2 rts 1551 836 657 551 769 378 777 641
2 6 7 0 // 7 6 9 8 4 1 10 // 7 6 9 8 4 1 10
2 clickedStim 20 19 15 14 21 18 22 11
2 rts 2018 799 1048 672 1729 648 1460 1497
2 7 8 1 // 8 7 1 2 9 6 3 4 // 8 7 3 2 9 6 10
2 clickedStim 14 15 16 22 20 19 13 21 11
2 rts 1229 1107 701 816 544 574 752 868 913
2 7 8 0 // 2 3 4 10 8 7 1 9 // 2 3 4 10 8 7 1 9
2 clickedStim 20 22 15 19 17 16 14 13 11
2 rts 2265 806 1279 724 739 650 754 620 859
2 7 8 0 // 8 10 3 7 5 4 2 1 // 8 10 3 7 5 4 2 1
2 clickedStim 21 14 16 17 18 23 20 22 12
2 rts 1231 829 1414 800 845 769 865 822 912
2 8 9 1 // 4 3 6 1 7 8 5 10 9 // 8 1 3 4 5 10 7 9
2 clickedStim 23 20 16 17 14 19 22 15 12
2 rts 2178 694 851 688 401 748 709 575 1474
2 8 9 1 // 2 7 3 10 8 1 4 6 9 // 10 7 3 4 1 6 9 2
