1 clickedStim 15 13 5
1 rts 1595 726 1081
1 0 2 0 // 9 7 // 9 7
2 clickedStim 12 8 5
2 rts 1283 561 1074
2 0 2 0 // 6 2 // 6 2
2 clickedStim 10 7 5
2 rts 1404 416 935
2 0 2 0 // 4 1 // 4 1
2 clickedStim 12 9 11 6
2 rts 1285 432 524 966
2 2 3 0 // 5 2 4 // 5 2 4
2 clickedStim 10 15 12 6
2 rts 1306 774 359 837
2 2 3 0 // 3 8 5 // 3 8 5
2 clickedStim 17 10 9 11 7
2 rts 1016 691 530 831 904
2 3 4 0 // 9 2 1 3 // 9 2 1 3
2 clickedStim 15 11 18 16 7
2 rts 1327 634 722 343 700
2 3 4 0 // 7 3 10 8 // 7 3 10 8
2 clickedStim 11 15 12 13 16 8
2 rts 1268 690 508 578 511 1283
2 4 5 0 // 2 6 3 4 7 // 2 6 3 4 7
2 clickedStim 17 18 15 19 13 8
2 rts 1376 866 555 789 457 805
2 4 5 0 // 8 9 6 10 4 // 8 9 6 10 4
2 clickedStim 13 19 11 16 15 18 9
2 rts 1127 645 574 653 578 513 822
2 5 6 0 // 3 9 1 6 5 8 // 3 9 1 6 5 8
2 clickedStim 19 20 16 15 13 11 9
2 rts 1001 666 555 674 642 800 800
2 5 6 0 // 9 10 6 5 3 1 // 9 10 6 5 3 1
2 clickedStim 14 21 17 12 19 20 18 10
2 rts 1077 979 582 825 625 522 461 694
2 6 7 1 // 3 10 1 8 6 9 7 // 3 10 6 1 8 9 7
2 clickedStim 15 14 13 12 20 21 19 10
2 rts 1588 631 588 615 1335 441 236 575
2 6 7 1 // 4 3 5 2 9 1 8 // 4 3 2 1 9 10 8
