1 clickedStim 13 14 5
1 rts 4521 554 1144
1 0 2 0 // 7 8 // 7 8
2 clickedStim 7 8 5
2 rts 3864 1519 1455
2 0 2 0 // 1 2 // 1 2
2 clickedStim 15 14 5
2 rts 5225 509 925
2 0 2 0 // 9 8 // 9 8
2 clickedStim 16 13 10 6
2 rts 1110 571 711 955
2 2 3 0 // 9 6 3 // 9 6 3
2 clickedStim 16 15 10 6
2 rts 1670 745 726 1234
2 2 3 0 // 9 8 3 // 9 8 3
2 clickedStim 15 12 13 16 7
2 rts 1114 453 666 489 834
2 3 4 0 // 7 4 5 8 // 7 4 5 8
2 clickedStim 13 17 16 10 7
2 rts 1386 642 669 2375 1121
2 3 4 0 // 5 9 8 2 // 5 9 8 2
2 clickedStim 11 13 18 12 10 8
2 rts 3015 539 1370 1096 771 1039
2 4 5 0 // 2 4 9 3 1 // 2 4 9 3 1
2 clickedStim 13 14 15 16 11 8
2 rts 3563 432 714 818 856 1104
2 4 5 0 // 4 5 6 7 2 // 4 5 6 7 2
2 clickedStim 17 12 15 16 20 11 9
2 rts 4514 792 1849 2166 655 616 3172
2 5 6 0 // 7 2 5 6 10 1 // 7 2 5 6 10 1
2 clickedStim 16 15 12 14 17 18 9
2 rts 3319 690 501 2347 879 838 1769
2 5 6 0 // 6 5 2 4 7 8 // 6 5 2 4 7 8
2 clickedStim 12 13 14 19 15 16 17 10
2 rts 3420 556 467 1156 2063 1186 1081 1513
2 6 7 0 // 1 2 3 8 4 5 6 // 1 2 3 8 4 5 6
2 clickedStim 20 18 16 19 12 13 15 10
2 rts 3314 853 1179 1854 660 550 703 4034
2 6 7 0 // 9 7 5 8 1 2 4 // 9 7 5 8 1 2 4
2 clickedStim 22 18 15 21 20 12 12 19 20 21 14 13 11
2 rts 3493 647 599 6201 2586 5529 2611 4239 2032 6728 693 774 9541
2 7 8 0 // 10 6 3 7 8 9 2 1 // 10 6 3 7 8 9 2 1
2 clickedStim 22 15 16 20 13 19 17 14 11
2 rts 21570 3512 2365 1273 606 2185 1315 380 785
2 7 8 1 // 10 9 4 8 1 7 5 2 // 10 3 4 8 1 7 5 2
2 clickedStim 19 22 15 14 13 17 21 20 11
2 rts 3239 795 1146 1724 672 1551 3377 670 888
2 7 8 0 // 7 10 3 2 1 5 9 8 // 7 10 3 2 1 5 9 8
2 clickedStim 23 16 21 15 18 14 22 17 20 12
2 rts 6900 3004 974 2350 510 4845 2405 915 817 833
2 8 9 0 // 10 3 8 2 5 1 9 4 7 // 10 3 8 2 5 1 9 4 7
2 clickedStim 23 22 16 18 19 21 15 13 13 13 13 13 13 17 16 18 19 21 15 22 20 12
2 rts 4243 1206 1971 962 2584 648 3290 8140 200 176 339 212 338 3034 2037 800 5601 525 448 3180 610 4312
2 8 9 0 // 10 4 3 5 6 8 2 9 7 // 10 4 3 5 6 8 2 9 7
