1 clickedStim 13 10 5
1 rts 1036 524 1123
1 0 2 0 // 7 4 // 7 4
2 clickedStim 7 11 5
2 rts 1368 889 792
2 0 2 0 // 1 5 // 1 5
2 clickedStim 14 12 5
2 rts 1379 674 762
2 0 2 0 // 8 6 // 8 6
2 clickedStim 14 16 12 6
2 rts 1230 803 576 735
2 2 3 0 // 7 9 5 // 7 9 5
2 clickedStim 17 12 9 6
2 rts 881 523 451 832
2 2 3 0 // 10 5 2 // 10 5 2
2 clickedStim 14 11 10 12 7
2 rts 1648 300 439 502 956
2 3 4 0 // 6 3 2 4 // 6 3 2 4
2 clickedStim 12 18 16 14 7
2 rts 812 662 320 777 755
2 3 4 0 // 4 10 8 6 // 4 10 8 6
2 clickedStim 16 19 15 12 14 8
2 rts 1139 534 483 398 547 987
2 4 5 0 // 7 10 6 3 5 // 7 10 6 3 5
2 clickedStim 19 10 18 11 15 8
2 rts 1109 690 774 675 596 682
2 4 5 0 // 10 1 9 2 6 // 10 1 9 2 6
2 clickedStim 13 16 15 17 18 19 9
2 rts 2679 345 500 473 393 379 771
2 5 6 1 // 3 8 5 6 7 9 // 3 6 5 7 8 9
2 clickedStim 16 15 14 13 17 19 9
2 rts 1231 467 540 719 397 533 742
2 5 6 0 // 6 5 4 3 7 9 // 6 5 4 3 7 9
2 clickedStim 20 12 14 15 11 19 9
2 rts 1456 744 494 441 486 673 559
2 5 6 0 // 10 2 4 5 1 9 // 10 2 4 5 1 9
2 clickedStim 20 21 18 16 15 14 10
2 rts 1784 640 1026 442 623 2251 895
2 6 7 1 // 9 10 7 5 8 4 3 // 9 10 7 5 4 3
2 clickedStim 13 14 16 12 21 15 10
2 rts 1019 1123 423 455 507 1957 2479
2 6 7 1 // 2 5 1 4 3 10 7 // 2 3 5 1 10 4
