1 clickedStim 13 12 5
1 rts 3416 1332 2062
1 0 2 0 // 7 6 // 7 6
2 clickedStim 15 13 5
2 rts 1912 1053 1673
2 0 2 0 // 9 7 // 9 7
2 clickedStim 7 8 5
2 rts 3072 1011 1817
2 0 2 0 // 1 2 // 1 2
2 clickedStim 16 8 12 6
2 rts 2086 1364 1107 1633
2 2 3 0 // 9 1 5 // 9 1 5
2 clickedStim 10 8 16 6
2 rts 2613 917 1138 1659
2 2 3 0 // 3 1 9 // 3 1 9
2 clickedStim 16 11 9 12 7
2 rts 1666 1239 975 834 1699
2 3 4 0 // 8 3 1 4 // 8 3 1 4
2 clickedStim 15 9 16 11 7
2 rts 1898 1059 1154 1064 1428
2 3 4 0 // 7 1 8 3 // 7 1 8 3
2 clickedStim 19 18 11 13 10 8
2 rts 1295 875 1141 788 1089 9934
2 4 5 0 // 10 9 2 4 1 // 10 9 2 4 1
2 clickedStim 11 12 13 19 17 8
2 rts 1869 958 985 890 773 1401
2 4 5 0 // 2 3 4 10 8 // 2 3 4 10 8
2 clickedStim 13 14 15 17 20 19 9
2 rts 2239 1207 757 952 754 1038 1365
2 5 6 1 // 3 9 4 6 2 7 // 3 4 5 7 10 9
2 clickedStim 19 18 20 14 16 11 9
2 rts 1418 957 812 891 1022 1235 1715
2 5 6 0 // 9 8 10 4 6 1 // 9 8 10 4 6 1
2 clickedStim 13 11 18 12 17 20 9
2 rts 2098 923 1093 995 924 1063 1296
2 5 6 0 // 3 1 8 2 7 10 // 3 1 8 2 7 10
2 clickedStim 13 15 19 16 21 17 10
2 rts 2220 799 866 810 746 745 1014
2 6 7 1 // 2 4 8 7 5 10 6 // 2 4 8 5 10 6
2 clickedStim 19 12 21 20 17 10
2 rts 2748 959 996 883 750 1660
2 6 7 1 // 8 10 1 9 6 2 5 // 8 1 10 9 6
