1 clickedStim 9 15 5
1 rts 1452 514 699
1 0 2 0 // 3 9 // 3 9
2 clickedStim 14 13 5
2 rts 2679 634 716
2 0 2 0 // 8 7 // 8 7
2 clickedStim 14 7 5
2 rts 1577 648 866
2 0 2 0 // 8 1 // 8 1
2 clickedStim 16 12 15 6
2 rts 1125 582 499 732
2 2 3 0 // 9 5 8 // 9 5 8
2 clickedStim 12 9 17 6
2 rts 1141 515 665 1414
2 2 3 0 // 5 2 10 // 5 2 10
2 clickedStim 13 18 11 14 7
2 rts 1190 665 1033 600 867
2 3 4 0 // 5 10 3 6 // 5 10 3 6
2 clickedStim 18 11 12 17 7
2 rts 1086 766 914 882 898
2 3 4 0 // 10 3 4 9 // 10 3 4 9
2 clickedStim 11 16 19 14 13 8
2 rts 1573 1016 582 550 681 849
2 4 5 0 // 2 7 10 5 4 // 2 7 10 5 4
2 clickedStim 17 16 19 10 13 8
2 rts 1757 631 565 565 332 1199
2 4 5 0 // 8 7 10 1 4 // 8 7 10 1 4
2 clickedStim 15 14 12 20 18 16 9
2 rts 919 498 632 564 333 481 1232
2 5 6 0 // 5 4 2 10 8 6 // 5 4 2 10 8 6
2 clickedStim 11 18 12 13 16 17 9
2 rts 1320 866 681 816 532 866 916
2 5 6 0 // 1 8 2 3 6 7 // 1 8 2 3 6 7
2 clickedStim 14 12 16 15 13 20 18 10
2 rts 1468 733 598 766 616 715 783 1681
2 6 7 0 // 3 1 5 4 2 9 7 // 3 1 5 4 2 9 7
2 clickedStim 15 20 16 19 14 13 12 10
2 rts 1337 915 1449 615 534 647 850 931
2 6 7 0 // 4 9 5 8 3 2 1 // 4 9 5 8 3 2 1
2 clickedStim 20 19 13 16 22 15 18 21 11
2 rts 1084 566 1082 365 500 569 330 498 1732
2 7 8 0 // 8 7 1 4 10 3 6 9 // 8 7 1 4 10 3 6 9
2 clickedStim 21 18 16 19 20 22 13 17 11
2 rts 901 465 749 317 498 649 599 431 1550
2 7 8 0 // 9 6 4 7 8 10 1 5 // 9 6 4 7 8 10 1 5
2 clickedStim 19 14 18 15 17 20 23 21 16 12
2 rts 1320 616 481 431 501 397 649 432 766 1049
2 8 9 0 // 6 1 5 2 4 7 10 8 3 // 6 1 5 2 4 7 10 8 3
2 clickedStim 16 14 20 21 23 17 22 18 12
2 rts 1618 715 449 632 899 5549 500 448 1582
2 8 9 1 // 3 1 7 8 2 10 4 9 5 // 3 1 7 8 10 4 9 5
2 clickedStim 14 13 20 22 23 18 14 15 21 17 19 12
2 rts 1233 1048 1067 832 797 465 615 450 499 549 567 814
2 8 9 0 // 7 9 10 5 1 2 8 4 6 // 7 9 10 5 1 2 8 4 6
