1 clickedStim 11 7 5
1 rts 972 973 772
1 0 2 0 // 5 1 // 5 1
2 clickedStim 13 16 5
2 rts 1323 570 782
2 0 2 0 // 7 10 // 7 10
2 clickedStim 11 12 5
2 rts 917 1026 934
2 0 2 0 // 5 6 // 5 6
2 clickedStim 17 10 14 6
2 rts 828 874 701 972
2 2 3 0 // 10 3 7 // 10 3 7
2 clickedStim 16 8 14 6
2 rts 1142 989 544 943
2 2 3 0 // 9 1 7 // 9 1 7
2 clickedStim 14 12 10 16 7
2 rts 736 897 708 848 797
2 3 4 0 // 6 4 2 8 // 6 4 2 8
2 clickedStim 12 18 15 17 7
2 rts 1192 686 587 997 839
2 3 4 0 // 4 10 7 9 // 4 10 7 9
2 clickedStim 16 19 11 13 17 8
2 rts 812 718 777 474 661 781
2 4 5 0 // 7 10 2 4 8 // 7 10 2 4 8
2 clickedStim 19 16 14 18 10 8
2 rts 1211 545 803 1112 1378 818
2 4 5 1 // 10 9 5 7 1 // 10 7 5 9 1
2 clickedStim 19 12 11 15 18 8
2 rts 2986 790 557 1586 731 1343
2 4 5 1 // 3 9 2 4 6 // 10 3 2 6 9
