1 clickedStim 8 11 5
1 rts 2229 1010 1115
1 0 2 0 // 2 5 // 2 5
2 clickedStim 13 8 5
2 rts 1458 975 3558
2 0 2 0 // 7 2 // 7 2
2 clickedStim 15 8 5
2 rts 5107 4245 16173
2 0 2 0 // 9 2 // 9 2
2 clickedStim 16 14 11 6
2 rts 1090 1465 846 7616
2 2 3 0 // 9 7 4 // 9 7 4
2 clickedStim 17 14 12 6
2 rts 1348 801 1178 897
2 2 3 0 // 10 7 5 // 10 7 5
2 clickedStim 11 17 13 16 7
2 rts 1205 827 777 680 887
2 3 4 0 // 3 9 5 8 // 3 9 5 8
2 clickedStim 12 14 16 9 7
2 rts 1400 860 757 711 846
2 3 4 0 // 4 6 8 1 // 4 6 8 1
2 clickedStim 18 11 12 19 14 8
2 rts 1387 796 956 834 1650 929
2 4 5 0 // 9 2 3 10 5 // 9 2 3 10 5
2 clickedStim 16 13 18 11 17 8
2 rts 1090 684 949 741 801 848
2 4 5 0 // 7 4 9 2 8 // 7 4 9 2 8
2 clickedStim 14 18 12 15 16 11 9
2 rts 999 784 941 931 739 813 932
2 5 6 0 // 4 8 2 5 6 1 // 4 8 2 5 6 1
2 clickedStim 11 17 20 19 18 15 9
2 rts 1458 824 759 1084 789 671 829
2 5 6 0 // 1 7 10 9 8 5 // 1 7 10 9 8 5
2 clickedStim 15 13 18 16 17 14 12 10
2 rts 991 750 1703 2554 3679 659 2063 855
2 6 7 1 // 4 2 5 10 6 3 1 // 4 2 7 5 6 3 1
2 clickedStim 13 16 21 20 14 18 15 10
2 rts 2088 1242 728 683 785 800 675 896
2 6 7 0 // 2 5 10 9 3 7 4 // 2 5 10 9 3 7 4
2 clickedStim 16 17 21 20 18 15 11 11 11 11 21 20 18 15 10
2 rts 1793 805 696 758 6330 734 4486 541 261 179 1326 708 2793 710 799
2 6 7 1 // 5 1 10 9 6 7 4 // 5 6 10 9 7 4
