1 clickedStim 16 14 5
1 rts 1549 316 646
1 0 2 0 // 10 8 // 10 8
2 clickedStim 10 7 5
2 rts 1094 331 695
2 0 2 0 // 4 1 // 4 1
2 clickedStim 13 12 5
2 rts 1354 513 665
2 0 2 0 // 7 6 // 7 6
2 clickedStim 9 11 15 6
2 rts 1238 443 585 562
2 2 3 0 // 2 4 8 // 2 4 8
2 clickedStim 16 15 8 6
2 rts 822 829 549 897
2 2 3 0 // 9 8 1 // 9 8 1
2 clickedStim 10 11 13 14 7
2 rts 1139 628 565 414 665
2 3 4 0 // 2 3 5 6 // 2 3 5 6
2 clickedStim 11 16 10 9 7
2 rts 1102 549 514 881 782
2 3 4 0 // 3 8 2 1 // 3 8 2 1
2 clickedStim 14 11 16 18 10 8
2 rts 803 430 579 581 567 865
2 4 5 0 // 5 2 7 9 1 // 5 2 7 9 1
2 clickedStim 19 10 17 18 12 8
2 rts 1081 634 531 513 530 699
2 4 5 0 // 10 1 8 9 3 // 10 1 8 9 3
2 clickedStim 15 20 16 18 13 11 9
2 rts 1022 526 631 582 597 600 665
2 5 6 0 // 5 10 6 8 3 1 // 5 10 6 8 3 1
2 clickedStim 12 17 11 19 14 16 9
2 rts 1651 530 548 830 447 652 645
2 5 6 0 // 2 7 1 9 4 6 // 2 7 1 9 4 6
2 clickedStim 12 15 13 16 19 21 18 10
2 rts 1047 562 847 381 745 432 464 1081
2 6 7 0 // 1 4 2 5 8 10 7 // 1 4 2 5 8 10 7
2 clickedStim 13 19 18 15 12 17 14 10
2 rts 1346 515 399 313 365 596 420 1076
2 6 7 0 // 2 8 7 4 1 6 3 // 2 8 7 4 1 6 3
2 clickedStim 17 13 20 19 22 21 12 12 12 22 19 21 15 11
2 rts 1428 511 632 447 682 582 2781 4404 349 728 1547 2014 414 782
2 7 8 1 // 5 1 7 8 10 9 2 3 // 5 1 8 10 7 9 3
2 clickedStim 22 18 21 14 15 13 17 19 11
2 rts 1610 530 298 581 349 1067 463 462 818
2 7 8 0 // 10 6 9 2 3 1 5 7 // 10 6 9 2 3 1 5 7
2 clickedStim 16 19 22 17 13 20 15 21 11
2 rts 1624 350 546 480 447 565 514 633 646
2 7 8 0 // 4 7 10 5 1 8 3 9 // 4 7 10 5 1 8 3 9
2 clickedStim 19 23 14 21 16 20 15 22 12
2 rts 1798 631 478 597 532 497 4782 497 664
2 8 9 1 // 6 10 1 5 3 7 8 2 9 // 6 10 1 8 3 7 2 9
2 clickedStim 14 22 17 21 16 20 15 23 12
2 rts 1596 794 597 483 577 449 6783 830 632
2 8 9 1 // 1 5 4 8 2 7 3 9 10 // 1 9 4 8 3 7 2 10
