1 clickedStim 7 12 5
1 rts 2581 866 2709
1 0 2 0 // 1 6 // 1 6
2 clickedStim 8 12 5
2 rts 1750 905 1172
2 0 2 0 // 2 6 // 2 6
2 clickedStim 9 10 5
2 rts 1834 1200 880
2 0 2 0 // 3 4 // 3 4
2 clickedStim 8 14 17 6
2 rts 1487 907 916 1111
2 2 3 0 // 1 7 10 // 1 7 10
2 clickedStim 11 15 9 6
2 rts 1412 769 732 1044
2 2 3 0 // 4 8 2 // 4 8 2
2 clickedStim 14 15 17 9 7
2 rts 1613 887 1380 1178 1285
2 3 4 0 // 6 7 9 1 // 6 7 9 1
2 clickedStim 10 16 14 17 7
2 rts 1386 830 818 626 1018
2 3 4 0 // 2 8 6 9 // 2 8 6 9
2 clickedStim 18 10 19 17 11 8
2 rts 2283 835 896 642 729 1190
2 4 5 0 // 9 1 10 8 2 // 9 1 10 8 2
2 clickedStim 13 10 16 11 17 8
2 rts 2109 692 630 608 832 881
2 4 5 0 // 4 1 7 2 8 // 4 1 7 2 8
2 clickedStim 11 20 19 15 17 18 9
2 rts 2607 858 592 579 826 505 1088
2 5 6 0 // 1 10 9 5 7 8 // 1 10 9 5 7 8
2 clickedStim 12 11 15 19 14 17 9
2 rts 1865 1329 586 721 980 633 1096
2 5 6 0 // 2 1 5 9 4 7 // 2 1 5 9 4 7
2 clickedStim 13 15 16 19 20 14 21 10
2 rts 4984 1292 841 673 569 528 1101 787
2 6 7 0 // 2 4 5 8 9 3 10 // 2 4 5 8 9 3 10
2 clickedStim 20 18 15 21 19 13 12 10
2 rts 2536 682 521 820 379 597 619 961
2 6 7 0 // 9 7 4 10 8 2 1 // 9 7 4 10 8 2 1
2 clickedStim 16 20 15 22 21 13 14 18 11
2 rts 4977 606 905 913 666 1255 809 944 1031
2 7 8 0 // 4 8 3 10 9 1 2 6 // 4 8 3 10 9 1 2 6
2 clickedStim 16 18 20 21 15 13 17 22 11
2 rts 4261 1104 757 625 645 819 674 521 674
2 7 8 0 // 4 6 8 9 3 1 5 10 // 4 6 8 9 3 1 5 10
2 clickedStim 22 16 21 19 18 15 17 20 23 12
2 rts 5074 757 750 689 737 594 646 523 601 714
2 8 9 0 // 9 3 8 6 5 2 4 7 10 // 9 3 8 6 5 2 4 7 10
2 clickedStim 20 18 22 14 17 16 15 23 19 12
2 rts 3859 666 931 819 541 775 518 794 615 1343
2 8 9 1 // 7 9 5 1 4 2 3 6 10 // 7 5 9 1 4 3 2 10 6
2 clickedStim 21 16 15 17 20 22 14 23 12
2 rts 5122 749 673 756 1071 1332 663 844 1040
2 8 9 1 // 8 3 2 4 9 1 7 10 6 // 8 3 2 4 7 9 1 10
