1 clickedStim 9 14 5
1 rts 1800 479 487
1 0 2 0 // 3 8 // 3 8
2 clickedStim 7 15 5
2 rts 1307 903 880
2 0 2 0 // 1 9 // 1 9
2 clickedStim 9 11 5
2 rts 1126 605 523
2 0 2 0 // 3 5 // 3 5
2 clickedStim 9 13 16 6
2 rts 875 387 328 560
2 2 3 0 // 2 6 9 // 2 6 9
2 clickedStim 9 14 17 6
2 rts 795 375 372 583
2 2 3 0 // 2 7 10 // 2 7 10
2 clickedStim 18 11 14 17 7
2 rts 819 552 336 291 554
2 3 4 0 // 10 3 6 9 // 10 3 6 9
2 clickedStim 18 13 14 9 7
2 rts 682 365 355 1088 6313
2 3 4 0 // 10 5 6 1 // 10 5 6 1
2 clickedStim 17 18 15 12 13 8
2 rts 1398 480 360 237 467 561
2 4 5 0 // 8 9 6 3 4 // 8 9 6 3 4
2 clickedStim 15 11 18 16 12 8
2 rts 1007 377 721 998 613 24071
2 4 5 0 // 6 2 9 7 3 // 6 2 9 7 3
2 clickedStim 19 18 12 11 16 14 9
2 rts 621 680 296 483 680 323 746
2 5 6 0 // 9 8 2 1 6 4 // 9 8 2 1 6 4
2 clickedStim 12 14 11 18 13 20 9
2 rts 826 331 220 395 1427 464 10472
2 5 6 0 // 2 4 1 8 3 10 // 2 4 1 8 3 10
2 clickedStim 19 21 15 12 13 17 16 10
2 rts 574 232 448 331 244 283 995 426
2 6 7 0 // 8 10 4 1 2 6 5 // 8 10 4 1 2 6 5
2 clickedStim 13 18 20 19 21 14 12 10
2 rts 2443 560 489 312 1146 530 434 874
2 6 7 1 // 2 7 9 10 3 8 1 // 2 7 9 8 10 3 1
2 clickedStim 21 20 12 19 16 18 14 10
2 rts 1676 471 1249 407 303 466 3064 499
2 6 7 1 // 10 9 1 5 8 6 7 // 10 9 1 8 5 7 3
