1 clickedStim 15 13 5
1 rts 1051 620 647
1 0 2 0 // 9 7 // 9 7
2 clickedStim 14 9 5
2 rts 977 689 747
2 0 2 0 // 8 3 // 8 3
2 clickedStim 9 16 5
2 rts 1514 763 1007
2 0 2 0 // 3 10 // 3 10
2 clickedStim 14 15 12 6
2 rts 784 574 537 916
2 2 3 0 // 7 8 5 // 7 8 5
2 clickedStim 16 17 12 6
2 rts 896 649 602 613
2 2 3 0 // 9 10 5 // 9 10 5
2 clickedStim 13 11 18 12 7
2 rts 702 576 676 879 687
2 3 4 0 // 5 3 10 4 // 5 3 10 4
2 clickedStim 12 10 17 16 7
2 rts 947 664 683 535 850
2 3 4 0 // 4 2 9 8 // 4 2 9 8
2 clickedStim 13 10 14 16 19 8
2 rts 962 630 721 614 590 760
2 4 5 0 // 4 1 5 7 10 // 4 1 5 7 10
2 clickedStim 14 16 15 19 12 8
2 rts 1090 553 620 540 660 709
2 4 5 0 // 5 7 6 10 3 // 5 7 6 10 3
2 clickedStim 19 14 13 11 16 17 9
2 rts 1505 704 831 658 613 632 731
2 5 6 0 // 9 4 3 1 6 7 // 9 4 3 1 6 7
2 clickedStim 18 17 11 19 20 13 9
2 rts 1275 488 1037 613 495 888 923
2 5 6 0 // 8 7 1 9 10 3 // 8 7 1 9 10 3
2 clickedStim 12 16 13 17 21 18 14 10
2 rts 925 454 2416 611 706 679 631 584
2 6 7 0 // 1 5 2 6 10 7 3 // 1 5 2 6 10 7 3
2 clickedStim 18 14 13 16 21 20 19 10
2 rts 1050 742 401 349 1690 639 1092 857
2 6 7 1 // 7 2 1 3 6 5 9 // 7 3 2 5 10 9 8
2 clickedStim 16 14 18 12 21 19 10
2 rts 1245 1497 811 1448 701 759 729
2 6 7 1 // 5 3 2 7 1 10 8 // 5 3 7 1 10 8
