1 clickedStim 11 10 5
1 rts 1243 281 881
1 0 2 0 // 5 4 // 5 4
2 clickedStim 8 7 5
2 rts 953 371 640
2 0 2 0 // 2 1 // 2 1
2 clickedStim 10 16 5
2 rts 1153 522 527
2 0 2 0 // 4 10 // 4 10
2 clickedStim 16 15 17 6
2 rts 895 274 230 890
2 2 3 0 // 9 8 10 // 9 8 10
2 clickedStim 16 14 13 6
2 rts 2188 505 562 735
2 2 3 0 // 9 7 6 // 9 7 6
2 clickedStim 9 14 11 17 7
2 rts 784 589 242 362 650
2 3 4 0 // 1 6 3 9 // 1 6 3 9
2 clickedStim 15 14 13 17 7
2 rts 1481 562 305 595 723
2 3 4 0 // 7 6 5 9 // 7 6 5 9
2 clickedStim 10 18 17 16 11 8
2 rts 1298 400 416 475 404 746
2 4 5 0 // 1 9 8 7 2 // 1 9 8 7 2
2 clickedStim 17 11 18 14 12 8
2 rts 1175 60 470 346 325 585
2 4 5 0 // 8 2 9 5 3 // 8 2 9 5 3
2 clickedStim 16 13 15 14 20 11 9
2 rts 656 281 322 323 549 553 732
2 5 6 0 // 6 3 5 4 10 1 // 6 3 5 4 10 1
2 clickedStim 17 18 15 20 13 19 9
2 rts 1278 185 305 530 440 426 796
2 5 6 0 // 7 8 5 10 3 9 // 7 8 5 10 3 9
2 clickedStim 14 12 16 18 13 17 20 10
2 rts 1000 524 353 517 580 285 607 901
2 6 7 0 // 3 1 5 7 2 6 9 // 3 1 5 7 2 6 9
2 clickedStim 12 15 19 14 13 21 17 10
2 rts 1003 304 408 486 760 499 420 883
2 6 7 0 // 1 4 8 3 2 10 6 // 1 4 8 3 2 10 6
2 clickedStim 22 13 14 15 20 16 18 17 11
2 rts 784 797 783 299 616 326 513 528 654
2 7 8 1 // 10 1 3 2 8 4 6 5 // 10 1 2 3 8 4 6 5
2 clickedStim 22 13 21 19 14 15 20 18 11
2 rts 798 590 622 407 867 736 571 329 550
2 7 8 0 // 10 1 9 7 2 3 8 6 // 10 1 9 7 2 3 8 6
2 clickedStim 21 14 13 19 20 15 22 17 11
2 rts 1100 505 398 478 331 478 713 291 594
2 7 8 1 // 9 2 7 1 8 3 10 5 // 9 2 1 7 8 3 10 5
