1 clickedStim 12 11 5
1 rts 2737 864 3726
1 0 2 0 // 6 5 // 6 5
2 clickedStim 11 10 5
2 rts 2488 877 1179
2 0 2 0 // 5 4 // 5 4
2 clickedStim 12 13 5
2 rts 2261 1008 1532
2 0 2 0 // 6 7 // 6 7
2 clickedStim 11 13 15 6
2 rts 2213 693 608 1066
2 2 3 0 // 4 6 8 // 4 6 8
2 clickedStim 9 14 16 6
2 rts 2535 856 675 707
2 2 3 0 // 2 7 9 // 2 7 9
2 clickedStim 15 10 16 9 7
2 rts 1572 722 776 708 1305
2 3 4 0 // 7 2 8 1 // 7 2 8 1
2 clickedStim 12 16 9 15 7
2 rts 2159 673 605 592 845
2 3 4 0 // 4 8 1 7 // 4 8 1 7
2 clickedStim 13 19 11 18 17 8
2 rts 2312 668 937 784 725 960
2 4 5 0 // 4 10 2 9 8 // 4 10 2 9 8
2 clickedStim 11 13 16 15 10 8
2 rts 3586 700 591 1806 1067 1145
2 4 5 0 // 2 4 7 6 1 // 2 4 7 6 1
2 clickedStim 13 12 11 19 17 18 9
2 rts 3415 617 683 985 778 641 927
2 5 6 0 // 3 2 1 9 7 8 // 3 2 1 9 7 8
2 clickedStim 15 17 14 11 13 18 9
2 rts 2996 761 1520 687 1941 1046 910
2 5 6 1 // 5 7 4 1 3 9 // 5 7 4 1 3 8
2 clickedStim 18 12 17 20 19 14 9
2 rts 2758 972 719 2202 601 781 1002
2 5 6 0 // 8 2 7 10 9 4 // 8 2 7 10 9 4
2 clickedStim 16 15 18 12 13 19 10
2 rts 2776 588 746 1793 798 719 1660
2 6 7 1 // 5 4 7 1 2 8 3 // 5 4 7 1 2 8
2 clickedStim 18 12 17 20 21 14 15 10
2 rts 2251 730 1258 509 1952 836 1695 920
2 6 7 0 // 7 1 6 9 10 3 4 // 7 1 6 9 10 3 4
2 clickedStim 21 15 20 14 13 19 10
2 rts 2834 652 680 2401 702 646 975
2 6 7 1 // 10 4 9 3 2 8 1 // 10 4 9 3 2 8
