1 clickedStim 13 9 5
1 rts 7090 1451 2196
1 0 2 0 // 7 3 // 7 3
2 clickedStim 15 12 5
2 rts 1699 671 925
2 0 2 0 // 9 6 // 9 6
2 clickedStim 11 14 5
2 rts 1049 464 776
2 0 2 0 // 5 8 // 5 8
2 clickedStim 9 13 10 6
2 rts 1254 1160 542 954
2 2 3 0 // 2 6 3 // 2 6 3
2 clickedStim 10 14 16 6
2 rts 2534 897 817 1306
2 2 3 0 // 3 7 9 // 3 7 9
2 clickedStim 12 11 14 9 7
2 rts 5857 1009 479 910 3260
2 3 4 0 // 4 3 6 1 // 4 3 6 1
2 clickedStim 15 17 12 14 7
2 rts 1477 918 929 617 1110
2 3 4 0 // 7 9 4 6 // 7 9 4 6
2 clickedStim 13 16 12 11 10 8
2 rts 1451 813 1609 733 579 972
2 4 5 1 // 8 7 3 2 1 // 4 7 3 2 1
2 clickedStim 18 16 10 15 17 8
2 rts 1739 937 569 810 1321 1107
2 4 5 0 // 9 7 1 6 8 // 9 7 1 6 8
2 clickedStim 13 17 16 18 14 8
2 rts 1336 874 733 792 997 1765
2 4 5 0 // 4 8 7 9 5 // 4 8 7 9 5
2 clickedStim 20 13 14 11 12 19 9
2 rts 2224 1298 1315 3473 774 850 667
2 5 6 1 // 10 3 2 4 1 8 // 10 3 4 1 2 9
2 clickedStim 14 17 18 15 16 9
2 rts 18058 648 704 392 634 1443
2 5 6 1 // 8 3 4 10 2 7 // 4 7 8 5 6
