1 clickedStim 13 9 5
1 rts 995 597 865
1 0 2 0 // 7 3 // 7 3
2 clickedStim 15 9 5
2 rts 792 429 952
2 0 2 0 // 9 3 // 9 3
2 clickedStim 14 15 5
2 rts 977 162 581
2 0 2 0 // 8 9 // 8 9
2 clickedStim 13 12 9 6
2 rts 880 342 193 1022
2 2 3 0 // 6 5 2 // 6 5 2
2 clickedStim 8 12 9 6
2 rts 861 957 229 599
2 2 3 0 // 1 5 2 // 1 5 2
2 clickedStim 11 16 12 15 7
2 rts 857 445 523 232 787
2 3 4 0 // 3 8 4 7 // 3 8 4 7
2 clickedStim 16 15 11 13 7
2 rts 1377 476 464 409 876
2 3 4 0 // 8 7 3 5 // 8 7 3 5
2 clickedStim 11 15 19 12 16 8
2 rts 1041 514 510 522 508 599
2 4 5 0 // 2 6 10 3 7 // 2 6 10 3 7
2 clickedStim 16 13 15 17 10 8
2 rts 1212 215 577 433 493 869
2 4 5 0 // 7 4 6 8 1 // 7 4 6 8 1
2 clickedStim 20 16 18 19 13 15 9
2 rts 777 385 394 426 320 371 799
2 5 6 0 // 10 6 8 9 3 5 // 10 6 8 9 3 5
2 clickedStim 17 15 16 20 14 19 9
2 rts 1158 241 463 467 441 628 985
2 5 6 0 // 7 5 6 10 4 9 // 7 5 6 10 4 9
2 clickedStim 12 15 19 17 18 16 21 10
2 rts 1194 323 545 371 347 311 589 760
2 6 7 0 // 1 4 8 6 7 5 10 // 1 4 8 6 7 5 10
2 clickedStim 17 21 13 18 14 20 15 10
2 rts 2171 427 436 402 377 555 434 716
2 6 7 0 // 6 10 2 7 3 9 4 // 6 10 2 7 3 9 4
2 clickedStim 22 21 15 19 17 18 16 13 11
2 rts 1376 458 292 648 432 386 568 281 884
2 7 8 0 // 10 9 3 7 5 6 4 1 // 10 9 3 7 5 6 4 1
2 clickedStim 16 17 19 18 22 15 21 13 11
2 rts 1667 305 391 678 465 521 878 1340 1408
2 7 8 0 // 4 5 7 6 10 3 9 1 // 4 5 7 6 10 3 9 1
2 clickedStim 19 22 20 16 18 15 23 17 14 12
2 rts 1096 210 393 455 314 210 6897 784 225 704
2 8 9 0 // 6 9 7 3 5 2 10 4 1 // 6 9 7 3 5 2 10 4 1
2 clickedStim 16 15 18 14 21 20 22 17 23 12
2 rts 1509 275 256 931 456 465 466 369 475 512
2 8 9 0 // 3 2 5 1 8 7 9 4 10 // 3 2 5 1 8 7 9 4 10
