1 clickedStim 9 11 5
1 rts 2571 1073 1122
1 0 2 0 // 3 5 // 3 5
2 clickedStim 11 13 5
2 rts 1805 1012 1264
2 0 2 0 // 5 7 // 5 7
2 clickedStim 7 12 5
2 rts 1294 1371 1573
2 0 2 0 // 1 6 // 1 6
2 clickedStim 9 13 17 6
2 rts 1321 1168 1042 1722
2 2 3 0 // 2 6 10 // 2 6 10
2 clickedStim 16 9 11 6
2 rts 1261 904 880 1753
2 2 3 0 // 9 2 4 // 9 2 4
2 clickedStim 16 14 11 9 7
2 rts 1700 1021 2234 2928 1714
2 3 4 0 // 8 6 3 1 // 8 6 3 1
2 clickedStim 16 18 12 13 7
2 rts 889 1050 617 1012 1061
2 3 4 0 // 8 10 4 5 // 8 10 4 5
2 clickedStim 15 12 18 16 14 8
2 rts 1280 2305 1052 1178 1065 1238
2 4 5 0 // 6 3 9 7 5 // 6 3 9 7 5
2 clickedStim 10 16 13 14 15 8
2 rts 1759 1113 558 972 747 981
2 4 5 0 // 1 7 4 5 6 // 1 7 4 5 6
2 clickedStim 20 11 16 18 13 12 9
2 rts 2187 4995 886 3164 3903 1008 1624
2 5 6 1 // 10 1 3 6 8 2 // 10 1 6 8 3 2
2 clickedStim 11 17 16 15 14 18 9
2 rts 1431 3305 1954 1130 606 1225 1229
2 5 6 1 // 1 6 5 7 4 8 // 1 7 6 5 4 8
