1 clickedStim 11 13 5
1 rts 1156 277 690
1 0 2 0 // 5 7 // 5 7
2 clickedStim 7 11 5
2 rts 1071 313 587
2 0 2 0 // 1 5 // 1 5
2 clickedStim 9 15 5
2 rts 1015 437 511
2 0 2 0 // 3 9 // 3 9
2 clickedStim 12 11 8 6
2 rts 835 847 171 511
2 2 3 0 // 5 4 1 // 5 4 1
2 clickedStim 9 10 12 6
2 rts 810 754 351 510
2 2 3 0 // 2 3 5 // 2 3 5
2 clickedStim 14 16 9 13 7
2 rts 1074 478 466 306 557
2 3 4 0 // 6 8 1 5 // 6 8 1 5
2 clickedStim 16 17 12 9 7
2 rts 1084 249 485 163 456
2 3 4 0 // 8 9 4 1 // 8 9 4 1
2 clickedStim 11 17 10 12 14 8
2 rts 912 646 411 454 419 548
2 4 5 0 // 2 8 1 3 5 // 2 8 1 3 5
2 clickedStim 13 19 16 10 11 8
2 rts 728 451 339 519 232 789
2 4 5 0 // 4 10 7 1 2 // 4 10 7 1 2
2 clickedStim 14 17 20 18 19 15 9
2 rts 787 235 418 811 309 345 1161
2 5 6 0 // 4 7 10 8 9 5 // 4 7 10 8 9 5
2 clickedStim 14 19 17 11 18 20 9
2 rts 1151 465 431 343 283 226 357
2 5 6 0 // 4 9 7 1 8 10 // 4 9 7 1 8 10
2 clickedStim 20 15 12 19 16 17 18 10
2 rts 2097 405 226 518 838 472 446 429
2 6 7 0 // 9 4 1 8 5 6 7 // 9 4 1 8 5 6 7
2 clickedStim 21 19 20 16 17 15 14 10
2 rts 922 532 299 461 380 592 643 1076
2 6 7 1 // 10 9 5 8 3 6 4 // 10 8 9 5 6 4 3
2 clickedStim 12 15 16 21 17 13 18 10
2 rts 1232 301 429 1336 492 431 343 424
2 6 7 1 // 1 4 5 2 6 10 7 // 1 4 5 10 6 2 7
