1 clickedStim 15 13 5
1 rts 2084 759 914
1 0 2 0 // 9 7 // 9 7
2 clickedStim 8 7 5
2 rts 1954 827 935
2 0 2 0 // 2 1 // 2 1
2 clickedStim 10 11 5
2 rts 1677 765 1047
2 0 2 0 // 4 5 // 4 5
2 clickedStim 17 10 8 6
2 rts 1593 838 738 918
2 2 3 0 // 10 3 1 // 10 3 1
2 clickedStim 11 17 16 6
2 rts 1775 728 749 967
2 2 3 0 // 4 10 9 // 4 10 9
2 clickedStim 16 12 17 15 7
2 rts 1503 754 792 766 924
2 3 4 0 // 8 4 9 7 // 8 4 9 7
2 clickedStim 10 16 9 18 7
2 rts 1672 1958 701 861 993
2 3 4 0 // 2 8 1 10 // 2 8 1 10
2 clickedStim 16 13 15 10 14 8
2 rts 1586 743 805 743 696 879
2 4 5 0 // 7 4 6 1 5 // 7 4 6 1 5
2 clickedStim 11 19 10 16 14 8
2 rts 1966 789 784 700 681 1046
2 4 5 0 // 2 10 1 7 5 // 2 10 1 7 5
2 clickedStim 19 12 18 20 14 15 9
2 rts 1705 764 758 658 661 671 1017
2 5 6 0 // 9 2 8 10 4 5 // 9 2 8 10 4 5
2 clickedStim 13 17 12 14 11 16 9
2 rts 1646 873 970 693 651 693 904
2 5 6 0 // 3 7 2 4 1 6 // 3 7 2 4 1 6
2 clickedStim 19 18 16 13 14 12 21 10
2 rts 1371 806 771 925 679 703 734 1045
2 6 7 0 // 8 7 5 2 3 1 10 // 8 7 5 2 3 1 10
2 clickedStim 13 21 12 18 17 19 14 10
2 rts 1831 2151 1649 2631 741 579 592 982
2 6 7 1 // 2 1 6 10 8 7 3 // 2 10 1 7 6 8 3
2 clickedStim 17 14 21 12 15 16 20 10
2 rts 1858 721 1018 3368 583 513 698 900
2 6 7 1 // 6 3 10 2 5 4 9 // 6 3 10 1 4 5 9
