1 clickedStim 14 16 5
1 rts 1558 566 675
1 0 2 0 // 8 10 // 8 10
2 clickedStim 11 8 5
2 rts 1063 465 703
2 0 2 0 // 5 2 // 5 2
2 clickedStim 14 12 5
2 rts 1607 599 853
2 0 2 0 // 8 6 // 8 6
2 clickedStim 10 16 11 6
2 rts 1189 595 659 660
2 2 3 0 // 3 9 4 // 3 9 4
2 clickedStim 8 16 10 6
2 rts 1013 656 660 720
2 2 3 0 // 1 9 3 // 1 9 3
2 clickedStim 15 9 12 11 7
2 rts 1029 690 683 619 713
2 3 4 0 // 7 1 4 3 // 7 1 4 3
2 clickedStim 15 9 12 17 7
2 rts 1827 811 522 603 668
2 3 4 0 // 7 1 4 9 // 7 1 4 9
2 clickedStim 14 15 17 18 12 8
2 rts 1191 527 582 550 903 675
2 4 5 0 // 5 6 8 9 3 // 5 6 8 9 3
2 clickedStim 18 17 16 19 15 8
2 rts 2207 565 596 603 517 603
2 4 5 0 // 9 8 7 10 6 // 9 8 7 10 6
2 clickedStim 17 13 12 18 19 15 9
2 rts 1232 604 521 675 540 629 835
2 5 6 0 // 7 3 2 8 9 5 // 7 3 2 8 9 5
2 clickedStim 18 13 14 19 20 17 9
2 rts 2009 559 540 613 886 491 594
2 5 6 1 // 8 4 3 9 10 7 // 8 3 4 9 10 7
2 clickedStim 15 11 20 17 16 12 9
2 rts 1072 557 602 579 532 654 639
2 5 6 0 // 5 1 10 7 6 2 // 5 1 10 7 6 2
2 clickedStim 19 15 21 12 18 20 17 10
2 rts 1421 578 1016 600 619 502 547 639
2 6 7 1 // 8 10 4 1 7 9 6 // 8 4 10 1 7 9 6
2 clickedStim 15 18 14 21 19 11 17 12 19 10
2 rts 1409 281 541 942 667 2353 888 580 459 550
2 6 7 0 // 4 7 3 10 6 1 8 // 4 7 3 10 6 1 8
2 clickedStim 18 12 13 15 19 14 21 10
2 rts 1021 565 676 549 1167 596 507 577
2 6 7 0 // 7 1 2 4 8 3 10 // 7 1 2 4 8 3 10
2 clickedStim 21 20 22 17 19 14 16 18 11
2 rts 1098 549 757 654 687 703 713 623 633
2 7 8 1 // 9 10 8 5 7 2 4 6 // 9 8 10 5 7 2 4 6
2 clickedStim 14 20 21 18 15 17 12 12 12 12 15 18 21 22 17 19 11
2 rts 1184 509 659 655 674 629 3289 183 198 403 1663 547 722 1410 638 669 630
2 7 8 1 // 2 8 9 6 3 1 5 7 // 2 8 3 6 9 10 5 7
