1 clickedStim 7 15 5
1 rts 1369 1201 909
1 0 2 0 // 1 9 // 1 9
2 clickedStim 10 7 5
2 rts 1367 417 817
2 0 2 0 // 4 1 // 4 1
2 clickedStim 8 7 5
2 rts 1373 474 873
2 0 2 0 // 2 1 // 2 1
2 clickedStim 11 14 13 6
2 rts 1402 625 910 654
2 2 3 0 // 4 7 6 // 4 7 6
2 clickedStim 9 15 12 6
2 rts 1197 586 543 1010
2 2 3 0 // 2 8 5 // 2 8 5
2 clickedStim 15 10 9 14 7
2 rts 1527 730 675 1524 1450
2 3 4 0 // 7 2 1 6 // 7 2 1 6
2 clickedStim 16 12 15 9 7
2 rts 1760 709 640 636 797
2 3 4 0 // 8 4 7 1 // 8 4 7 1
2 clickedStim 19 12 13 10 15 8
2 rts 1683 907 1087 668 964 1120
2 4 5 0 // 10 3 4 1 6 // 10 3 4 1 6
2 clickedStim 19 16 18 10 12 8
2 rts 1842 710 682 644 575 692
2 4 5 0 // 10 7 9 1 3 // 10 7 9 1 3
2 clickedStim 16 13 18 15 19 14 9
2 rts 2208 540 830 2327 2970 657 841
2 5 6 0 // 6 3 8 5 9 4 // 6 3 8 5 9 4
2 clickedStim 19 11 15 12 13 16 9
2 rts 1634 949 950 538 478 667 899
2 5 6 0 // 9 1 5 2 3 6 // 9 1 5 2 3 6
2 clickedStim 14 13 20 18 17 21 12 10
2 rts 1138 574 847 906 697 525 619 903
2 6 7 0 // 3 2 9 7 6 10 1 // 3 2 9 7 6 10 1
2 clickedStim 16 14 20 13 17 19 12 10
2 rts 2324 450 347 460 424 379 530 665
2 6 7 0 // 5 3 9 2 6 8 1 // 5 3 9 2 6 8 1
2 clickedStim 20 14 17 18 16 12 12 18 13 16 11
2 rts 5487 1833 397 1611 1110 4143 2919 4087 1118 1859 951
2 7 8 1 // 8 1 2 9 6 5 4 3 // 8 2 5 6 1 4
2 clickedStim 14 19 15 17 21 13 20 18 11
2 rts 1559 754 802 512 615 597 583 425 841
2 7 8 0 // 2 7 3 5 9 1 8 6 // 2 7 3 5 9 1 8 6
2 clickedStim 21 22 13 19 18 16 14 11
2 rts 1833 506 800 544 887 947 634 11199
2 7 8 1 // 9 10 1 7 4 6 2 8 // 9 10 1 7 6 4 2
