1 clickedStim 15 9 5
1 rts 1272 444 691
1 0 2 0 // 9 3 // 9 3
2 clickedStim 14 12 5
2 rts 1587 378 626
2 0 2 0 // 8 6 // 8 6
2 clickedStim 15 10 5
2 rts 1195 498 1288
2 0 2 0 // 9 4 // 9 4
2 clickedStim 11 14 13 6
2 rts 1148 327 421 763
2 2 3 0 // 4 7 6 // 4 7 6
2 clickedStim 8 9 14 6
2 rts 1714 314 428 563
2 2 3 0 // 1 2 7 // 1 2 7
2 clickedStim 13 17 10 14 7
2 rts 1646 736 624 310 632
2 3 4 0 // 5 9 2 6 // 5 9 2 6
2 clickedStim 16 12 13 14 7
2 rts 1068 435 457 399 518
2 3 4 0 // 8 4 5 6 // 8 4 5 6
2 clickedStim 15 13 10 12 18 8
2 rts 1204 944 390 587 583 1396
2 4 5 0 // 6 4 1 3 9 // 6 4 1 3 9
2 clickedStim 15 13 16 17 19 8
2 rts 1694 547 267 297 389 520
2 4 5 0 // 6 4 7 8 10 // 6 4 7 8 10
2 clickedStim 12 19 11 16 17 20 9
2 rts 1319 866 592 477 391 329 476
2 5 6 0 // 2 9 1 6 7 10 // 2 9 1 6 7 10
2 clickedStim 19 18 14 12 15 13 9
2 rts 1191 451 430 676 190 317 607
2 5 6 0 // 9 8 4 2 5 3 // 9 8 4 2 5 3
2 clickedStim 13 12 14 16 18 15 17 10
2 rts 1045 340 1215 406 370 461 3880 1180
2 6 7 0 // 2 1 3 5 7 4 6 // 2 1 3 5 7 4 6
2 clickedStim 21 15 14 13 20 12 17 10
2 rts 2398 380 477 974 435 552 1930 1294
2 6 7 0 // 10 4 3 2 9 1 6 // 10 4 3 2 9 1 6
2 clickedStim 18 13 16 14 22 21 17 11
2 rts 1565 386 214 833 2683 450 339 627
2 7 8 1 // 6 1 4 2 10 9 3 8 // 6 1 4 2 10 9 5
2 clickedStim 16 15 13 14 22 17 19 18 12 20 11
2 rts 2771 495 396 1081 815 387 3347 349 2955 880 528
2 7 8 0 // 4 3 1 2 10 5 7 8 // 4 3 1 2 10 5 7 8
2 clickedStim 14 21 16 11
2 rts 2390 3045 565 1498
2 7 8 1 // 2 9 4 1 5 10 6 3 // 2 9 4
