1 clickedStim 13 12 5
1 rts 1942 731 1698
1 0 2 0 // 7 6 // 7 6
2 clickedStim 11 16 5
2 rts 1374 680 699
2 0 2 0 // 5 10 // 5 10
2 clickedStim 12 9 5
2 rts 1526 597 782
2 0 2 0 // 6 3 // 6 3
2 clickedStim 16 13 9 6
2 rts 970 650 631 815
2 2 3 0 // 9 6 2 // 9 6 2
2 clickedStim 8 11 10 6
2 rts 1104 580 732 816
2 2 3 0 // 1 4 3 // 1 4 3
2 clickedStim 14 16 15 12 7
2 rts 1187 614 613 533 764
2 3 4 0 // 6 8 7 4 // 6 8 7 4
2 clickedStim 17 16 12 10 7
2 rts 1058 549 566 579 1068
2 3 4 1 // 9 4 2 6 // 9 8 4 2
2 clickedStim 16 10 11 15 7
2 rts 802 930 883 783 796
2 3 4 0 // 8 2 3 7 // 8 2 3 7
2 clickedStim 18 13 12 11 10 8
2 rts 722 714 664 615 1764 832
2 4 5 0 // 9 4 3 2 1 // 9 4 3 2 1
2 clickedStim 13 16 18 10 11 8
2 rts 1488 648 2649 646 684 915
2 4 5 1 // 4 9 1 7 2 // 4 7 9 1 2
2 clickedStim 19 16 10 17 15 8
2 rts 851 598 885 846 663 816
2 4 5 0 // 10 7 1 8 6 // 10 7 1 8 6
2 clickedStim 17 19 12 13 16 14 9
2 rts 1323 898 1632 1015 598 712 967
2 5 6 0 // 7 9 2 3 6 4 // 7 9 2 3 6 4
2 clickedStim 16 13 19 17 12 11 9
2 rts 2033 632 882 932 2417 613 797
2 5 6 1 // 6 3 7 9 2 1 // 6 3 9 7 2 1
2 clickedStim 16 19 20 17 13 11 9
2 rts 2787 579 665 1366 947 899 798
2 5 6 1 // 6 9 10 2 1 7 // 6 9 10 7 3 1
