1 clickedStim 14 16 5
1 rts 2344 1287 1923
1 0 2 0 // 8 10 // 8 10
2 clickedStim 10 8 5
2 rts 2044 1415 1610
2 0 2 0 // 4 2 // 4 2
2 clickedStim 14 9 5
2 rts 3123 1699 1756
2 0 2 0 // 8 3 // 8 3
2 clickedStim 17 15 9 6
2 rts 1711 1094 1329 2183
2 2 3 0 // 10 8 2 // 10 8 2
2 clickedStim 8 11 10 6
2 rts 2772 1030 1550 1829
2 2 3 0 // 1 4 3 // 1 4 3
2 clickedStim 9 13 14 16 7
2 rts 2312 1134 1299 1232 2430
2 3 4 0 // 1 5 6 8 // 1 5 6 8
2 clickedStim 9 11 13 15 7
2 rts 2238 1417 1154 2203 1935
2 3 4 0 // 1 3 5 7 // 1 3 5 7
2 clickedStim 10 17 18 16 13 8
2 rts 1989 1336 1107 1346 1301 1561
2 4 5 0 // 1 8 9 7 4 // 1 8 9 7 4
2 clickedStim 13 14 12 15 10 8
2 rts 2255 1202 1242 1006 1302 1777
2 4 5 0 // 4 5 3 6 1 // 4 5 3 6 1
2 clickedStim 20 17 16 11 18 15 9
2 rts 1750 1235 1289 1397 1251 1268 1757
2 5 6 0 // 10 7 6 1 8 5 // 10 7 6 1 8 5
2 clickedStim 18 16 11 19 14 12 9
2 rts 1960 1154 1221 1397 1231 1154 1611
2 5 6 0 // 8 6 1 9 4 2 // 8 6 1 9 4 2
2 clickedStim 18 20 15 12 17 14 21 10
2 rts 2418 1193 1136 1445 1078 1047 1415 1550
2 6 7 0 // 7 9 4 1 6 3 10 // 7 9 4 1 6 3 10
2 clickedStim 12 18 13 17 21 14 20 10
2 rts 2792 1163 1775 1134 1340 1447 1184 1533
2 6 7 0 // 1 7 2 6 10 3 9 // 1 7 2 6 10 3 9
2 clickedStim 20 13 16 15 14 19 18 22 11
2 rts 2038 1137 1034 1088 1163 1152 2340 1979 2003
2 7 8 0 // 8 1 4 3 2 7 6 10 // 8 1 4 3 2 7 6 10
2 clickedStim 16 15 19 13 17 21 20 18 11
2 rts 2116 1356 1117 2039 1170 1093 989 1152 2380
2 7 8 0 // 4 3 7 1 5 9 8 6 // 4 3 7 1 5 9 8 6
2 clickedStim 14 17 23 19 15 21 20 18 22 12
2 rts 1861 831 1204 1399 1012 1184 1845 929 920 1427
2 8 9 0 // 1 4 10 6 2 8 7 5 9 // 1 4 10 6 2 8 7 5 9
2 clickedStim 20 21 14 22 17 23 16 15 12
2 rts 2842 1092 1545 2040 1249 2175 3324 2272 1962
2 8 9 1 // 7 8 1 9 10 4 3 5 6 // 7 8 1 9 4 10 3 2
2 clickedStim 21 17 19 14 20 16 18 22 15 12
2 rts 2032 1155 1162 1262 1669 2135 1232 1248 1446 1574
2 8 9 1 // 8 10 6 1 7 3 4 5 2 // 8 4 6 1 7 3 5 9 2
