1 clickedStim 13 6 16 13 5
1 rts 12580 1925 1463 584 2480
1 0 2 0 // 10 7 // 10 7
2 clickedStim 13 9 5
2 rts 1615 641 1212
2 0 2 0 // 7 3 // 7 3
2 clickedStim 9 15 5
2 rts 1685 431 747
2 0 2 0 // 3 9 // 3 9
2 clickedStim 8 10 13 6
2 rts 1575 648 264 723
2 2 3 0 // 1 3 6 // 1 3 6
2 clickedStim 16 13 10 6
2 rts 1419 183 149 582
2 2 3 0 // 9 6 3 // 9 6 3
2 clickedStim 18 9 12 13 7
2 rts 1494 368 219 214 1396
2 3 4 0 // 10 1 4 5 // 10 1 4 5
2 clickedStim 10 16 9 12 7
2 rts 1059 696 481 155 743
2 3 4 0 // 2 8 1 4 // 2 8 1 4
2 clickedStim 11 16 13 9 9 9 19 11 16 13 12 8
2 rts 1656 503 317 3165 304 238 2159 658 635 2256 933 715
2 4 5 0 // 10 2 7 4 3 // 10 2 7 4 3
2 clickedStim 10 19 11 13 18 8
2 rts 1150 606 651 434 819 30564
2 4 5 0 // 1 10 2 4 9 // 1 10 2 4 9
2 clickedStim 14 18 13 15 19 17 10 10 10 10 10 10 14 18 13 11 10 15 11 17 9
2 rts 1368 2955 904 568 542 806 7911 504 403 1007 264 1452 2816 596 842 845 1368 972 511 2120 766
2 5 6 0 // 4 8 3 5 1 7 // 4 8 3 5 1 7
2 clickedStim 17 20 14 16 18 15 9
2 rts 3503 556 395 4913 540 398 904
2 5 6 0 // 7 10 4 6 8 5 // 7 10 4 6 8 5
2 clickedStim 12 20 17 19 21 15 16 10
2 rts 1575 764 474 1001 290 6627 322 796
2 6 7 1 // 9 1 6 8 10 4 5 // 1 9 6 8 10 4 5
2 clickedStim 18 13 12 15 14 21 17 10
2 rts 12495 2555 873 2365 881 1055 1292 1481
2 6 7 0 // 7 2 1 4 3 10 6 // 7 2 1 4 3 10 6
2 clickedStim 18 17 13 21 16 19 14 10
2 rts 2420 501 1820 254 7491 1289 198 488
2 6 7 1 // 7 3 6 9 1 8 5 // 7 6 2 10 5 8 3
