1 clickedStim 11 16 5
1 rts 1355 710 802
1 0 2 0 // 5 10 // 5 10
2 clickedStim 12 9 5
2 rts 1159 363 999
2 0 2 0 // 6 3 // 6 3
2 clickedStim 10 9 5
2 rts 1265 574 812
2 0 2 0 // 4 3 // 4 3
2 clickedStim 10 16 8 6
2 rts 898 586 686 941
2 2 3 0 // 3 9 1 // 3 9 1
2 clickedStim 12 16 13 6
2 rts 1124 470 877 812
2 2 3 0 // 5 9 6 // 5 9 6
2 clickedStim 9 16 13 11 7
2 rts 1244 617 332 557 1025
2 3 4 0 // 1 8 5 3 // 1 8 5 3
2 clickedStim 13 15 9 18 7
2 rts 1208 759 488 464 536
2 3 4 0 // 5 7 1 10 // 5 7 1 10
2 clickedStim 14 13 17 16 10 8
2 rts 1060 372 409 338 814 756
2 4 5 1 // 5 4 8 7 3 // 5 4 8 7 1
2 clickedStim 19 17 13 10 15 8
2 rts 1329 316 1141 436 571 757
2 4 5 0 // 10 8 4 1 6 // 10 8 4 1 6
2 clickedStim 15 13 12 19 10 8
2 rts 1167 748 594 576 569 817
2 4 5 0 // 6 4 3 10 1 // 6 4 3 10 1
2 clickedStim 18 19 14 17 11 9
2 rts 976 608 3076 358 3065 828
2 5 6 1 // 8 9 3 7 4 2 // 8 9 4 7 1
2 clickedStim 18 15 19 12 13 11 9
2 rts 991 294 1096 990 1106 857 843
2 5 6 1 // 8 5 2 9 6 3 // 8 5 9 2 3 1
