1 clickedStim 11 7 5
1 rts 1133 613 1220
1 0 2 0 // 5 1 // 5 1
2 clickedStim 10 15 5
2 rts 1202 850 656
2 0 2 0 // 4 9 // 4 9
2 clickedStim 15 9 5
2 rts 961 466 1322
2 0 2 0 // 9 3 // 9 3
2 clickedStim 10 15 11 6
2 rts 1184 536 566 590
2 2 3 0 // 3 8 4 // 3 8 4
2 clickedStim 12 9 16 6
2 rts 1339 387 617 620
2 2 3 0 // 5 2 9 // 5 2 9
2 clickedStim 11 16 15 14 7
2 rts 1061 576 454 677 637
2 3 4 0 // 3 8 7 6 // 3 8 7 6
2 clickedStim 12 15 13 16 7
2 rts 1187 403 486 316 642
2 3 4 0 // 4 7 5 8 // 4 7 5 8
2 clickedStim 16 10 15 12 18 8
2 rts 979 553 656 437 465 734
2 4 5 0 // 7 1 6 3 9 // 7 1 6 3 9
2 clickedStim 17 15 10 18 16 8
2 rts 1504 542 686 594 452 720
2 4 5 0 // 8 6 1 9 7 // 8 6 1 9 7
2 clickedStim 15 18 17 19 20 16 9
2 rts 968 427 450 488 677 542 825
2 5 6 0 // 5 8 7 9 10 6 // 5 8 7 9 10 6
2 clickedStim 14 16 13 15 18 19 9
2 rts 1163 525 399 486 441 356 608
2 5 6 0 // 4 6 3 5 8 9 // 4 6 3 5 8 9
2 clickedStim 17 16 18 15 12 19 20 10
2 rts 983 526 2834 316 340 549 627 834
2 6 7 1 // 2 5 6 4 1 8 9 // 6 5 7 4 1 8 9
2 clickedStim 12 11 16 21 12 15 18 14 10
2 rts 3526 1688 918 476 1215 493 317 614 903
2 6 7 1 // 5 10 1 7 3 6 4 // 5 10 1 4 7 3
