1 clickedStim 7 14 5
1 rts 1605 863 1199
1 0 2 0 // 1 8 // 1 8
2 clickedStim 13 12 5
2 rts 1308 489 713
2 0 2 0 // 7 6 // 7 6
2 clickedStim 8 11 5
2 rts 1276 378 853
2 0 2 0 // 2 5 // 2 5
2 clickedStim 9 15 12 6
2 rts 1066 764 543 818
2 2 3 0 // 2 8 5 // 2 8 5
2 clickedStim 8 15 12 6
2 rts 1112 531 425 725
2 2 3 0 // 1 8 5 // 1 8 5
2 clickedStim 15 16 17 14 7
2 rts 1023 683 611 462 828
2 3 4 0 // 7 8 9 6 // 7 8 9 6
2 clickedStim 13 9 11 16 7
2 rts 1373 632 751 868 1060
2 3 4 0 // 5 1 3 8 // 5 1 3 8
2 clickedStim 16 10 19 13 17 8
2 rts 1533 583 728 528 437 974
2 4 5 0 // 7 1 10 4 8 // 7 1 10 4 8
2 clickedStim 11 15 19 16 10 8
2 rts 1577 630 557 419 448 670
2 4 5 0 // 2 6 10 7 1 // 2 6 10 7 1
2 clickedStim 16 11 13 15 19 17 9
2 rts 1069 728 547 711 565 704 2820
2 5 6 0 // 6 1 3 5 9 7 // 6 1 3 5 9 7
2 clickedStim 12 11 15 13 17 14 9
2 rts 1153 577 713 479 476 401 636
2 5 6 0 // 2 1 5 3 7 4 // 2 1 5 3 7 4
2 clickedStim 12 16 20 19 17 15 13 10
2 rts 1318 502 516 1635 625 689 611 826
2 6 7 0 // 1 5 9 8 6 4 2 // 1 5 9 8 6 4 2
2 clickedStim 15 14 19 21 18 17 16 10
2 rts 1385 536 552 601 492 618 565 1859
2 6 7 0 // 4 3 8 10 7 6 5 // 4 3 8 10 7 6 5
2 clickedStim 15 21 18 17 19 20 14 16 11
2 rts 1068 560 347 761 442 599 427 505 812
2 7 8 0 // 3 9 6 5 7 8 2 4 // 3 9 6 5 7 8 2 4
2 clickedStim 19 20 18 14 17 13 21 15 11
2 rts 2401 535 702 471 440 439 825 466 794
2 7 8 0 // 7 8 6 2 5 1 9 3 // 7 8 6 2 5 1 9 3
2 clickedStim 22 14 17 15 21 23 16 18 12
2 rts 9643 627 514 575 501 786 896 1355 751
2 8 9 1 // 9 7 4 3 1 10 2 8 5 // 9 1 4 2 8 10 3 5
2 clickedStim 17 19 23 18 20 16 21 15 22 12
2 rts 715 586 627 475 494 498 455 519 486 475
2 8 9 0 // 4 6 10 5 7 3 8 2 9 // 4 6 10 5 7 3 8 2 9
2 clickedStim 17 23 22 21 14 16 18 20 19 12
2 rts 1201 617 631 481 461 615 395 496 451 965
2 8 9 0 // 4 10 9 8 1 3 5 7 6 // 4 10 9 8 1 3 5 7 6
