1 clickedStim 12 15 5
1 rts 2206 1039 1186
1 0 2 0 // 6 9 // 6 9
2 clickedStim 7 13 5
2 rts 1874 869 790
2 0 2 0 // 1 7 // 1 7
2 clickedStim 15 13 5
2 rts 3552 1125 790
2 0 2 0 // 9 7 // 9 7
2 clickedStim 14 16 11 6
2 rts 2254 659 797 723
2 2 3 0 // 7 9 4 // 7 9 4
2 clickedStim 15 12 17 6
2 rts 3019 390 477 663
2 2 3 0 // 8 5 10 // 8 5 10
2 clickedStim 16 9 18 15 7
2 rts 2886 1137 739 510 805
2 3 4 0 // 8 1 10 7 // 8 1 10 7
2 clickedStim 12 13 15 16 7
2 rts 2449 602 1382 566 851
2 3 4 0 // 4 5 7 8 // 4 5 7 8
2 clickedStim 10 15 11 19 12 8
2 rts 2126 2499 1504 1032 764 1946
2 4 5 0 // 1 6 2 10 3 // 1 6 2 10 3
2 clickedStim 11 18 14 13 12 8
2 rts 2382 1458 976 1586 1269 1501
2 4 5 0 // 2 9 5 4 3 // 2 9 5 4 3
2 clickedStim 14 11 13 19 17 12 9
2 rts 2093 1532 833 2074 664 1243 818
2 5 6 1 // 4 1 3 7 9 2 // 4 1 3 9 7 2
2 clickedStim 12 11 13 19 18 17 9
2 rts 2372 893 1027 1548 2850 583 672
2 5 6 0 // 2 1 3 9 8 7 // 2 1 3 9 8 7
2 clickedStim 12 11 20 15 13 19 9
2 rts 2061 658 2301 6970 770 651 898
2 5 6 1 // 2 1 10 5 9 3 // 2 1 10 5 3 9
