1 clickedStim 15 13 5
1 rts 1349 897 614
1 0 2 0 // 9 7 // 9 7
2 clickedStim 15 16 5
2 rts 1654 696 564
2 0 2 0 // 9 10 // 9 10
2 clickedStim 11 12 5
2 rts 1091 497 714
2 0 2 0 // 5 6 // 5 6
2 clickedStim 14 12 8 6
2 rts 1104 598 649 998
2 2 3 0 // 7 5 1 // 7 5 1
2 clickedStim 14 16 13 6
2 rts 1387 1115 332 596
2 2 3 0 // 7 9 6 // 7 9 6
2 clickedStim 15 13 17 10 7
2 rts 1469 479 499 680 564
2 3 4 0 // 7 5 9 2 // 7 5 9 2
2 clickedStim 14 17 10 11 7
2 rts 1851 348 647 383 1047
2 3 4 0 // 6 9 2 3 // 6 9 2 3
2 clickedStim 16 18 10 17 13 8
2 rts 815 482 1114 399 714 665
2 4 5 0 // 7 9 1 8 4 // 7 9 1 8 4
2 clickedStim 18 10 17 12 19 8
2 rts 1350 698 698 648 766 648
2 4 5 0 // 9 1 8 3 10 // 9 1 8 3 10
2 clickedStim 13 15 17 19 14 11 9
2 rts 1400 1064 714 699 1114 515 715
2 5 6 0 // 3 5 7 9 4 1 // 3 5 7 9 4 1
2 clickedStim 20 17 15 13 19 14 9
2 rts 1482 598 631 847 1215 665 681
2 5 6 0 // 10 7 5 3 9 4 // 10 7 5 3 9 4
2 clickedStim 12 16 18 14 19 20 10
2 rts 1914 580 699 1882 915 1263 1199
2 6 7 1 // 1 5 7 10 3 8 9 // 1 5 7 3 8 9
2 clickedStim 14 20 15 18 17 12 19 10
2 rts 946 548 581 481 1048 749 613 966
2 6 7 0 // 3 9 4 7 6 1 8 // 3 9 4 7 6 1 8
2 clickedStim 21 14 18 15 13 20 19 10
2 rts 1031 1047 1415 298 648 581 581 782
2 6 7 0 // 10 3 7 4 2 9 8 // 10 3 7 4 2 9 8
2 clickedStim 15 20 21 14 19 16 13 18 11
2 rts 1078 681 416 647 631 415 582 563 1049
2 7 8 0 // 3 8 9 2 7 4 1 6 // 3 8 9 2 7 4 1 6
2 clickedStim 22 13 17 21 18 16 15 19 11
2 rts 1525 699 1597 697 914 550 597 749 1349
2 7 8 0 // 10 1 5 9 6 4 3 7 // 10 1 5 9 6 4 3 7
2 clickedStim 23 18 17 20 15 21 14 16 19 12
2 rts 1257 2431 614 1348 398 598 580 481 464 881
2 8 9 1 // 4 10 5 7 1 2 8 3 6 // 10 5 4 7 2 8 1 3 6
2 clickedStim 23 18 19 17 14 16 21 12
2 rts 927 632 1064 780 2448 1798 664 582
2 8 9 1 // 2 5 6 4 10 1 3 7 8 // 10 5 6 4 1 3 8
