1 clickedStim 9 7 5
1 rts 1043 451 696
1 0 2 0 // 3 1 // 3 1
2 clickedStim 13 10 5
2 rts 932 268 460
2 0 2 0 // 7 4 // 7 4
2 clickedStim 10 11 5
2 rts 901 271 457
2 0 2 0 // 4 5 // 4 5
2 clickedStim 10 13 8 6
2 rts 1075 254 388 478
2 2 3 0 // 3 6 1 // 3 6 1
2 clickedStim 9 15 11 6
2 rts 1028 367 263 525
2 2 3 0 // 2 8 4 // 2 8 4
2 clickedStim 13 11 17 14 7
2 rts 729 454 583 322 439
2 3 4 0 // 5 3 9 6 // 5 3 9 6
2 clickedStim 11 9 13 17 7
2 rts 1055 428 334 432 412
2 3 4 0 // 3 1 5 9 // 3 1 5 9
2 clickedStim 18 12 10 16 14 8
2 rts 1049 489 463 340 314 627
2 4 5 0 // 9 3 1 7 5 // 9 3 1 7 5
2 clickedStim 16 18 11 12 17 8
2 rts 703 413 433 373 330 479
2 4 5 0 // 7 9 2 3 8 // 7 9 2 3 8
2 clickedStim 12 11 14 17 19 18 9
2 rts 1214 342 298 280 356 296 779
2 5 6 0 // 2 1 4 7 9 8 // 2 1 4 7 9 8
2 clickedStim 11 16 12 20 17 15 9
2 rts 1329 667 573 594 489 415 478
2 5 6 0 // 1 6 2 10 7 5 // 1 6 2 10 7 5
2 clickedStim 19 17 13 21 18 14 12 10
2 rts 1091 363 926 399 542 1472 352 437
2 6 7 1 // 8 6 10 3 7 2 1 // 8 6 2 10 7 3 1
2 clickedStim 19 16 20 14 13 17 12 10
2 rts 928 464 371 499 610 780 405 950
2 6 7 0 // 8 5 9 3 2 6 1 // 8 5 9 3 2 6 1
2 clickedStim 12 21 19 18 20 16 15 10
2 rts 813 435 1136 306 583 304 263 485
2 6 7 1 // 1 10 8 5 7 9 4 // 1 10 8 7 9 5 4
