1 clickedStim 12 9 5
1 rts 1844 687 1364
1 0 2 0 // 6 3 // 6 3
2 clickedStim 16 12 5
2 rts 1497 713 1352
2 0 2 0 // 10 6 // 10 6
2 clickedStim 16 9 5
2 rts 1522 703 1191
2 0 2 0 // 10 3 // 10 3
2 clickedStim 14 10 15 6
2 rts 1494 888 828 866
2 2 3 0 // 7 3 8 // 7 3 8
2 clickedStim 15 14 12 6
2 rts 1690 432 480 1276
2 2 3 0 // 8 7 5 // 8 7 5
2 clickedStim 16 14 11 15 7
2 rts 1420 1338 303 617 1018
2 3 4 0 // 8 6 3 7 // 8 6 3 7
2 clickedStim 9 15 14 11 7
2 rts 1270 948 721 433 1331
2 3 4 0 // 1 7 6 3 // 1 7 6 3
2 clickedStim 11 15 14 17 8
2 rts 1982 920 484 461 1361
2 4 5 1 // 2 6 5 8 3 // 2 6 5 8
2 clickedStim 13 16 12 11 10 8
2 rts 4015 338 802 423 448 977
2 4 5 0 // 4 7 3 2 1 // 4 7 3 2 1
2 clickedStim 15 18 17 14 16 8
2 rts 2223 474 495 2723 592 991
2 4 5 0 // 6 9 8 5 7 // 6 9 8 5 7
2 clickedStim 14 16 13 19 18 12 9
2 rts 2079 942 490 1006 514 628 2008
2 5 6 0 // 4 6 3 9 8 2 // 4 6 3 9 8 2
2 clickedStim 19 17 11 13 16 20 9
2 rts 1704 526 822 1070 1151 714 787
2 5 6 0 // 9 7 1 3 6 10 // 9 7 1 3 6 10
2 clickedStim 17 20 19 21 13 18 15 10
2 rts 1346 446 693 737 1240 937 692 5813
2 6 7 0 // 6 9 8 10 2 7 4 // 6 9 8 10 2 7 4
2 clickedStim 18 19 17 16 14 15 10
2 rts 2775 768 625 1874 666 3159 1437
2 6 7 1 // 7 8 6 5 3 4 2 // 7 8 6 5 3 4
2 clickedStim 13 21 12 14 20 16 15 10
2 rts 2555 749 776 912 667 476 706 978
2 6 7 1 // 2 10 1 3 9 5 8 // 2 10 1 3 9 5 4
