1 clickedStim 8 13 5
1 rts 1406 520 690
1 0 2 0 // 2 7 // 2 7
2 clickedStim 16 9 5
2 rts 1132 595 623
2 0 2 0 // 10 3 // 10 3
2 clickedStim 14 9 5
2 rts 1200 1140 586
2 0 2 0 // 8 3 // 8 3
2 clickedStim 10 14 13 6
2 rts 1116 528 497 573
2 2 3 0 // 3 7 6 // 3 7 6
2 clickedStim 15 8 13 6
2 rts 1133 632 673 1020
2 2 3 0 // 8 1 6 // 8 1 6
2 clickedStim 18 15 13 14 7
2 rts 1304 396 301 264 933
2 3 4 0 // 10 7 5 6 // 10 7 5 6
2 clickedStim 9 15 18 11 7
2 rts 1024 1890 364 641 760
2 3 4 0 // 1 7 10 3 // 1 7 10 3
2 clickedStim 11 19 17 15 16 8
2 rts 1535 713 292 326 505 787
2 4 5 0 // 2 10 8 6 7 // 2 10 8 6 7
2 clickedStim 12 11 13 18 17 8
2 rts 1465 942 636 579 629 680
2 4 5 0 // 3 2 4 9 8 // 3 2 4 9 8
2 clickedStim 16 19 12 17 15 13 9
2 rts 1357 267 1438 643 328 323 996
2 5 6 0 // 6 9 2 7 5 3 // 6 9 2 7 5 3
2 clickedStim 12 13 19 20 18 16 9
2 rts 1152 347 384 562 581 340 497
2 5 6 0 // 2 3 9 10 8 6 // 2 3 9 10 8 6
2 clickedStim 12 18 21 15 19 20 14 10
2 rts 1160 411 500 338 351 376 428 521
2 6 7 0 // 1 7 10 4 8 9 3 // 1 7 10 4 8 9 3
2 clickedStim 14 20 18 16 17 15 12 10
2 rts 1897 568 1761 768 443 757 232 1381
2 6 7 0 // 3 9 7 5 6 4 1 // 3 9 7 5 6 4 1
2 clickedStim 18 13 19 17 16 21 22 14 11
2 rts 2951 797 1272 500 416 755 608 662 1263
2 7 8 0 // 6 1 7 5 4 9 10 2 // 6 1 7 5 4 9 10 2
2 clickedStim 16 17 21 22 19 20 13 14 11
2 rts 2102 1059 488 592 1083 836 675 322 920
2 7 8 1 // 4 5 9 10 7 8 3 2 // 4 5 9 10 7 8 1 2
2 clickedStim 13 14 19 16 20 21 18 22 11
2 rts 1627 406 459 259 808 380 459 516 912
2 7 8 0 // 1 2 7 4 8 9 6 10 // 1 2 7 4 8 9 6 10
2 clickedStim 21 22 20 18 13 13 13 23 20 18 19 15 14 17 12
2 rts 3802 926 1478 510 2203 320 368 976 970 1955 416 381 348 376 850
2 8 9 1 // 8 10 7 9 5 6 2 1 4 // 8 10 7 5 6 2 1 4
2 clickedStim 23 22 16 18 15 19 14 17 20 12
2 rts 1152 396 699 663 266 417 580 264 216 734
2 8 9 1 // 10 9 3 5 2 4 6 7 1 // 10 9 3 5 2 6 1 4 7
