1 clickedStim 8 16 5
1 rts 3178 715 1283
1 0 2 0 // 2 10 // 2 10
2 clickedStim 9 14 5
2 rts 1347 1030 7112
2 0 2 0 // 3 8 // 3 8
2 clickedStim 10 12 5
2 rts 1169 608 905
2 0 2 0 // 4 6 // 4 6
2 clickedStim 17 12 14 6
2 rts 1112 525 523 1154
2 2 3 0 // 10 5 7 // 10 5 7
2 clickedStim 8 15 9 6
2 rts 1100 740 392 647
2 2 3 0 // 1 8 2 // 1 8 2
2 clickedStim 16 9 12 14 7
2 rts 836 475 318 646 821
2 3 4 0 // 8 1 4 6 // 8 1 4 6
2 clickedStim 16 15 10 12 7
2 rts 1032 376 843 410 762
2 3 4 0 // 8 7 2 4 // 8 7 2 4
2 clickedStim 15 14 13 16 19 8
2 rts 1248 1646 751 315 374 849
2 4 5 0 // 6 5 4 7 10 // 6 5 4 7 10
2 clickedStim 12 14 10 17 18 8
2 rts 1736 368 780 1547 910 721
2 4 5 1 // 3 5 1 9 8 // 3 5 1 8 9
2 clickedStim 14 11 12 10 17 8
2 rts 1447 473 554 666 818 736
2 4 5 0 // 5 2 3 1 8 // 5 2 3 1 8
2 clickedStim 16 15 13 12 20 14 9
2 rts 1111 827 635 535 623 459 1120
2 5 6 0 // 6 5 3 2 10 4 // 6 5 3 2 10 4
2 clickedStim 13 10 17 16 13 20 19 9
2 rts 1509 2730 912 1252 308 1211 876 616
2 5 6 1 // 7 3 6 10 9 4 // 7 6 3 10 9
2 clickedStim 15 19 16 14 18 12 9
2 rts 1588 461 333 717 474 843 786
2 5 6 0 // 5 9 6 4 8 2 // 5 9 6 4 8 2
2 clickedStim 15 12 18 21 20 13 10
2 rts 1355 521 877 715 544 627 757
2 6 7 1 // 4 1 7 10 6 9 2 // 4 1 7 10 9 2
2 clickedStim 15 19 21 12 13 20 10
2 rts 1624 632 4517 363 301 431 756
2 6 7 1 // 4 8 9 2 10 1 5 // 4 8 10 1 2 9
