1 clickedStim 7 12 5
1 rts 1119 692 1012
1 0 2 0 // 1 6 // 1 6
2 clickedStim 10 15 5
2 rts 1043 966 732
2 0 2 0 // 4 9 // 4 9
2 clickedStim 12 8 5
2 rts 1605 434 1064
2 0 2 0 // 6 2 // 6 2
2 clickedStim 13 17 16 6
2 rts 1052 684 599 984
2 2 3 0 // 6 10 9 // 6 10 9
2 clickedStim 16 10 13 6
2 rts 1016 499 458 599
2 2 3 0 // 9 3 6 // 9 3 6
2 clickedStim 15 17 10 14 7
2 rts 883 1003 1500 683 1034
2 3 4 0 // 7 9 2 6 // 7 9 2 6
2 clickedStim 15 11 13 16 7
2 rts 1057 713 630 372 819
2 3 4 0 // 7 3 5 8 // 7 3 5 8
2 clickedStim 10 17 19 18 15 8
2 rts 863 500 442 510 303 648
2 4 5 0 // 1 8 10 9 6 // 1 8 10 9 6
2 clickedStim 11 14 18 10 13 8
2 rts 1030 365 511 603 509 646
2 4 5 0 // 2 5 9 1 4 // 2 5 9 1 4
2 clickedStim 14 13 12 17 15 19 9
2 rts 943 674 644 505 537 630 717
2 5 6 0 // 4 3 2 7 5 9 // 4 3 2 7 5 9
2 clickedStim 20 18 17 12 16 15 9
2 rts 809 299 416 568 416 431 780
2 5 6 0 // 10 8 7 2 6 5 // 10 8 7 2 6 5
2 clickedStim 18 14 12 17 15 13 21 10
2 rts 622 431 374 616 532 398 478 663
2 6 7 0 // 7 3 1 6 4 2 10 // 7 3 1 6 4 2 10
2 clickedStim 18 21 15 12 13 20 19 10
2 rts 773 526 585 509 499 458 438 537
2 6 7 0 // 7 10 4 1 2 9 8 // 7 10 4 1 2 9 8
2 clickedStim 15 22 17 18 19 16 14 20 11
2 rts 1255 805 362 849 421 257 360 434 711
2 7 8 1 // 3 10 5 6 7 2 4 8 // 3 10 5 6 7 4 2 8
2 clickedStim 15 22 14 19 17 16 13 11
2 rts 2033 577 414 425 774 2032 401 501
2 7 8 1 // 3 5 2 7 10 9 4 1 // 3 10 2 7 5 4 1
