1 clickedStim 16 11 5
1 rts 1444 611 884
1 0 2 0 // 10 5 // 10 5
2 clickedStim 15 8 5
2 rts 1606 595 727
2 0 2 0 // 9 2 // 9 2
2 clickedStim 15 13 5
2 rts 1314 480 751
2 0 2 0 // 9 7 // 9 7
2 clickedStim 11 13 6
2 rts 1759 663 880
2 2 3 1 // 8 4 6 // 4 6
2 clickedStim 10 9 16 6
2 rts 1655 420 708 1084
2 2 3 0 // 3 2 9 // 3 2 9
2 clickedStim 11 9 12 6
2 rts 1036 640 382 755
2 2 3 0 // 4 2 5 // 4 2 5
2 clickedStim 12 13 17 16 7
2 rts 3864 427 800 492 692
2 3 4 0 // 4 5 9 8 // 4 5 9 8
2 clickedStim 11 13 16 9 7
2 rts 1415 563 579 612 719
2 3 4 0 // 3 5 8 1 // 3 5 8 1
2 clickedStim 17 11 18 10 15 8
2 rts 1337 534 570 626 830 803
2 4 5 0 // 8 2 9 1 6 // 8 2 9 1 6
2 clickedStim 11 12 13 15 14 8
2 rts 1428 402 670 566 670 885
2 4 5 0 // 2 3 4 6 5 // 2 3 4 6 5
2 clickedStim 11 16 19 14 15 12 9
2 rts 1129 923 439 512 387 373 824
2 5 6 0 // 1 6 9 4 5 2 // 1 6 9 4 5 2
2 clickedStim 15 12 17 11 16 19 9
2 rts 1384 309 538 401 786 480 814
2 5 6 0 // 5 2 7 1 6 9 // 5 2 7 1 6 9
2 clickedStim 13 19 15 14 21 18 12 10
2 rts 1551 795 493 523 613 713 442 937
2 6 7 0 // 2 8 4 3 10 7 1 // 2 8 4 3 10 7 1
2 clickedStim 13 21 18 19 16 14 12 10
2 rts 1023 726 588 376 475 608 675 1053
2 6 7 0 // 2 10 7 8 5 3 1 // 2 10 7 8 5 3 1
2 clickedStim 20 15 14 18 16 19 11
2 rts 1489 724 1312 482 484 378 688
2 7 8 1 // 8 3 2 6 4 7 9 5 // 8 3 2 6 4 7
2 clickedStim 17 20 16 13 21 22 11
2 rts 1015 512 420 448 542 512 710
2 7 8 1 // 4 3 10 6 8 1 9 5 // 5 8 4 1 9 10
