1 clickedStim 16 14 5
1 rts 1920 1075 935
1 0 2 0 // 10 8 // 10 8
2 clickedStim 15 16 5
2 rts 1589 818 983
2 0 2 0 // 9 10 // 9 10
2 clickedStim 13 8 5
2 rts 2536 1249 1199
2 0 2 0 // 7 2 // 7 2
2 clickedStim 8 13 10 6
2 rts 1647 1097 935 1146
2 2 3 0 // 1 6 3 // 1 6 3
2 clickedStim 9 12 15 6
2 rts 1722 699 864 1596
2 2 3 0 // 2 5 8 // 2 5 8
2 clickedStim 15 13 9 10 7
2 rts 1542 980 1793 871 1373
2 3 4 0 // 7 5 1 2 // 7 5 1 2
2 clickedStim 14 15 11 12 7
2 rts 1601 1055 1018 1235 1475
2 3 4 0 // 6 7 3 4 // 6 7 3 4
2 clickedStim 16 17 11 10 15 8
2 rts 1903 1093 2133 1132 1054 2366
2 4 5 0 // 7 8 2 1 6 // 7 8 2 1 6
2 clickedStim 10 18 12 14 17 8
2 rts 2177 1131 994 1102 1173 1422
2 4 5 0 // 1 9 3 5 8 // 1 9 3 5 8
2 clickedStim 17 18 11 12 16 14 9
2 rts 2168 735 971 860 1033 1487 1206
2 5 6 0 // 7 8 1 2 6 4 // 7 8 1 2 6 4
2 clickedStim 17 18 14 11 12 19 9
2 rts 1857 1266 1318 845 753 1119 860
2 5 6 0 // 7 8 4 1 2 9 // 7 8 4 1 2 9
2 clickedStim 20 16 13 21 15 18 10
2 rts 1663 1004 799 2787 912 675 3570
2 6 7 1 // 9 5 2 10 1 4 7 // 9 5 2 10 4 7
2 clickedStim 18 16 13 20 21 15 19 10
2 rts 1488 237 425 371 337 209 184 712
2 6 7 1 // 7 5 9 2 10 4 8 // 7 5 2 9 10 4 8
