1 clickedStim 13 9 5
1 rts 3081 661 923
1 0 2 0 // 7 3 // 7 3
2 clickedStim 8 9 5
2 rts 1191 274 526
2 0 2 0 // 2 3 // 2 3
2 clickedStim 7 14 5
2 rts 1042 404 485
2 0 2 0 // 1 8 // 1 8
2 clickedStim 9 10 13 6
2 rts 1281 322 261 575
2 2 3 0 // 2 3 6 // 2 3 6
2 clickedStim 16 10 13 6
2 rts 1362 418 262 556
2 2 3 0 // 9 3 6 // 9 3 6
2 clickedStim 10 18 11 9 7
2 rts 1008 546 571 494 947
2 3 4 0 // 2 10 3 1 // 2 10 3 1
2 clickedStim 10 14 13 18 7
2 rts 1213 307 418 235 726
2 3 4 0 // 2 6 5 10 // 2 6 5 10
2 clickedStim 19 11 12 18 15 8
2 rts 722 434 522 359 319 584
2 4 5 0 // 10 2 3 9 6 // 10 2 3 9 6
2 clickedStim 17 16 14 15 11 8
2 rts 975 313 363 276 382 555
2 4 5 0 // 8 7 5 6 2 // 8 7 5 6 2
2 clickedStim 17 11 13 16 14 19 9
2 rts 1144 491 815 248 515 466 947
2 5 6 0 // 7 1 3 6 4 9 // 7 1 3 6 4 9
2 clickedStim 20 18 15 12 16 13 9
2 rts 919 306 250 366 376 925 587
2 5 6 0 // 10 8 5 2 6 3 // 10 8 5 2 6 3
2 clickedStim 13 15 18 20 17 16 19 10
2 rts 838 653 293 973 1032 468 419 788
2 6 7 0 // 2 4 7 9 6 5 8 // 2 4 7 9 6 5 8
2 clickedStim 15 14 13 19 17 12 16 10
2 rts 1016 562 388 716 390 472 529 876
2 6 7 0 // 4 3 2 8 6 1 5 // 4 3 2 8 6 1 5
2 clickedStim 21 17 22 20 13 15 19 18 11
2 rts 1976 354 286 302 378 430 525 741 434
2 7 8 1 // 9 5 10 8 1 2 7 3 // 9 5 10 8 1 3 7 6
2 clickedStim 21 13 15 16 14 19 17 11
2 rts 1934 448 384 573 504 1051 319 727
2 7 8 1 // 4 2 7 3 1 9 5 8 // 9 1 3 4 2 7 5
