1 clickedStim 16 11 5
1 rts 1723 748 1126
1 0 2 0 // 10 5 // 10 5
2 clickedStim 8 7 5
2 rts 1125 531 20454
2 0 2 0 // 2 1 // 2 1
2 clickedStim 14 11 5
2 rts 3005 688 836
2 0 2 0 // 8 5 // 8 5
2 clickedStim 9 13 10 6
2 rts 1938 691 383 867
2 2 3 0 // 2 6 3 // 2 6 3
2 clickedStim 9 8 17 6
2 rts 3316 485 645 730
2 2 3 0 // 2 1 10 // 2 1 10
2 clickedStim 18 17 14 10 7
2 rts 841 700 423 532 881
2 3 4 0 // 10 9 6 2 // 10 9 6 2
2 clickedStim 17 18 10 16 7
2 rts 2293 842 782 596 928
2 3 4 0 // 9 10 2 8 // 9 10 2 8
2 clickedStim 10 17 13 11 18 8
2 rts 5205 847 765 465 814 699
2 4 5 0 // 1 8 4 2 9 // 1 8 4 2 9
2 clickedStim 15 18 16 13 11 8
2 rts 2309 989 832 531 982 19535
2 4 5 0 // 6 9 7 4 2 // 6 9 7 4 2
2 clickedStim 14 20 17 11 15 9
2 rts 5952 638 999 563 532 1671
2 5 6 1 // 4 10 7 1 2 5 // 4 10 7 1 5
2 clickedStim 14 10 19 14 16 20 17 18 9
2 rts 1395 1609 1715 848 798 731 515 432 831
2 5 6 0 // 9 4 6 10 7 8 // 9 4 6 10 7 8
2 clickedStim 19 14 13 15 11 16 9
2 rts 1490 843 731 498 504 646 936
2 5 6 0 // 9 4 3 5 1 6 // 9 4 3 5 1 6
2 clickedStim 16 15 18 17 13 14 21 10
2 rts 4567 492 597 733 598 430 564 982
2 6 7 1 // 5 4 2 6 7 3 10 // 5 4 7 6 2 3 10
2 clickedStim 17 12 15 16 20 21 19 10
2 rts 2080 1277 531 431 499 398 363 834
2 6 7 1 // 6 2 1 9 5 10 8 // 6 1 4 5 9 10 8
