1 clickedStim 13 11 5
1 rts 1650 523 1306
1 0 2 0 // 7 5 // 7 5
2 clickedStim 12 16 5
2 rts 1166 575 849
2 0 2 0 // 6 10 // 6 10
2 clickedStim 9 10 5
2 rts 1172 899 776
2 0 2 0 // 3 4 // 3 4
2 clickedStim 8 12 15 6
2 rts 1030 497 547 759
2 2 3 0 // 1 5 8 // 1 5 8
2 clickedStim 9 12 11 6
2 rts 1223 412 530 942
2 2 3 0 // 2 5 4 // 2 5 4
2 clickedStim 13 17 9 12 7
2 rts 1096 472 834 334 1339
2 3 4 0 // 5 9 1 4 // 5 9 1 4
2 clickedStim 16 10 12 14 7
2 rts 1426 759 618 672 1955
2 3 4 0 // 8 2 4 6 // 8 2 4 6
2 clickedStim 14 11 15 16 17 8
2 rts 1970 293 529 522 356 629
2 4 5 0 // 5 2 6 7 8 // 5 2 6 7 8
2 clickedStim 15 10 14 19 12 8
2 rts 1371 612 539 663 479 916
2 4 5 0 // 6 1 5 10 3 // 6 1 5 10 3
2 clickedStim 12 14 18 13 15 16 9
2 rts 1199 468 546 474 451 512 915
2 5 6 0 // 2 4 8 3 5 6 // 2 4 8 3 5 6
2 clickedStim 17 18 13 20 12 14 9
2 rts 1606 484 737 756 455 572 658
2 5 6 0 // 7 8 3 10 2 4 // 7 8 3 10 2 4
2 clickedStim 21 18 17 13 16 20 12 10
2 rts 1543 655 1537 546 424 459 796 1108
2 6 7 0 // 10 7 6 2 5 9 1 // 10 7 6 2 5 9 1
2 clickedStim 19 16 18 17 12 20 13 10
2 rts 860 306 682 728 528 790 2310 732
2 6 7 0 // 8 5 7 6 1 9 2 // 8 5 7 6 1 9 2
2 clickedStim 22 14 16 17 19 18 15 11
2 rts 1070 746 2986 951 9737 724 192 658
2 7 8 1 // 10 4 5 9 6 2 3 8 // 10 2 4 5 7 6 3
2 clickedStim 22 17 16 13 18 14 19 21 11
2 rts 884 404 490 838 5553 491 367 640 506
2 7 8 1 // 10 3 4 1 5 2 7 9 // 10 5 4 1 6 2 7 9
