1 clickedStim 10 7 5
1 rts 859 219 571
1 0 2 0 // 4 1 // 4 1
2 clickedStim 12 16 5
2 rts 2811 430 397
2 0 2 0 // 6 10 // 6 10
2 clickedStim 16 14 5
2 rts 627 210 368
2 0 2 0 // 10 8 // 10 8
2 clickedStim 12 15 16 6
2 rts 663 199 321 462
2 2 3 0 // 5 8 9 // 5 8 9
2 clickedStim 15 17 16 6
2 rts 475 179 181 462
2 2 3 0 // 8 10 9 // 8 10 9
2 clickedStim 17 11 13 10 7
2 rts 730 259 231 150 498
2 3 4 0 // 9 3 5 2 // 9 3 5 2
2 clickedStim 16 14 9 17 7
2 rts 726 281 409 371 461
2 3 4 0 // 8 6 1 9 // 8 6 1 9
2 clickedStim 15 17 12 19 10 8
2 rts 762 290 322 558 251 500
2 4 5 0 // 6 8 3 10 1 // 6 8 3 10 1
2 clickedStim 16 17 13 15 12 8
2 rts 1028 589 207 345 157 754
2 4 5 0 // 7 8 4 6 3 // 7 8 4 6 3
2 clickedStim 19 20 17 12 15 16 9
2 rts 689 220 282 251 200 152 530
2 5 6 0 // 9 10 7 2 5 6 // 9 10 7 2 5 6
2 clickedStim 19 20 15 14 11 17 9
2 rts 1035 222 200 198 150 260 530
2 5 6 0 // 9 10 5 4 1 7 // 9 10 5 4 1 7
2 clickedStim 13 12 17 15 14 19 20 10
2 rts 872 261 330 258 311 351 183 441
2 6 7 0 // 2 1 6 4 3 8 9 // 2 1 6 4 3 8 9
2 clickedStim 15 16 13 14 20 12 17 10
2 rts 1814 210 180 202 1074 440 523 487
2 6 7 0 // 4 5 2 3 9 1 6 // 4 5 2 3 9 1 6
2 clickedStim 13 14 18 17 22 20 16 21 11
2 rts 826 240 285 207 509 251 326 260 483
2 7 8 0 // 1 2 6 5 10 8 4 9 // 1 2 6 5 10 8 4 9
2 clickedStim 18 20 21 19 22 13 15 16 11
2 rts 975 389 306 534 211 385 322 409 584
2 7 8 0 // 6 8 9 7 10 1 3 4 // 6 8 9 7 10 1 3 4
2 clickedStim 14 18 22 16 23 17 13 20 17 19 15 12
2 rts 996 383 377 260 417 401 1682 542 554 312 301 580
2 8 9 0 // 1 5 9 3 10 7 4 6 2 // 1 5 9 3 10 7 4 6 2
2 clickedStim 15 14 19 22 21 17 23 18 16 12
2 rts 850 575 352 198 629 188 474 351 271 680
2 8 9 0 // 2 1 6 9 8 4 10 5 3 // 2 1 6 9 8 4 10 5 3
