1 clickedStim 15 8 5
1 rts 1826 828 1311
1 0 2 0 // 9 2 // 9 2
2 clickedStim 8 9 5
2 rts 2305 808 1627
2 0 2 0 // 2 3 // 2 3
2 clickedStim 15 7 5
2 rts 1560 710 1239
2 0 2 0 // 9 1 // 9 1
2 clickedStim 9 16 10 6
2 rts 1325 827 860 1219
2 2 3 0 // 2 9 3 // 2 9 3
2 clickedStim 11 14 10 6
2 rts 1182 633 799 1116
2 2 3 0 // 4 7 3 // 4 7 3
2 clickedStim 15 18 11 13 7
2 rts 881 771 858 702 723
2 3 4 0 // 7 10 3 5 // 7 10 3 5
2 clickedStim 16 14 12 10 7
2 rts 1346 1048 979 878 992
2 3 4 0 // 8 6 4 2 // 8 6 4 2
2 clickedStim 14 12 19 11 18 8
2 rts 914 809 819 1026 831 815
2 4 5 0 // 5 3 10 2 9 // 5 3 10 2 9
2 clickedStim 16 15 12 10 13 8
2 rts 1791 832 706 797 635 959
2 4 5 0 // 7 6 3 1 4 // 7 6 3 1 4
2 clickedStim 16 13 12 14 15 20 9
2 rts 885 328 429 322 227 290 912
2 5 6 1 // 6 3 4 2 5 10 // 6 3 2 4 5 10
2 clickedStim 20 12 18 15 13 16 9
2 rts 1341 405 546 460 264 224 509
2 5 6 1 // 10 2 5 8 3 6 // 10 2 8 5 3 6
