1 clickedStim 15 9 5
1 rts 2475 1327 2195
1 0 2 0 // 9 3 // 9 3
2 clickedStim 12 11 5
2 rts 1871 899 1303
2 0 2 0 // 6 5 // 6 5
2 clickedStim 10 13 5
2 rts 2006 769 1290
2 0 2 0 // 4 7 // 4 7
2 clickedStim 15 16 8 6
2 rts 1724 989 971 1370
2 2 3 0 // 8 9 1 // 8 9 1
2 clickedStim 10 11 17 6
2 rts 2166 1076 905 1063
2 2 3 0 // 3 4 10 // 3 4 10
2 clickedStim 17 18 15 13 7
2 rts 1708 917 827 991 1239
2 3 4 0 // 9 10 7 5 // 9 10 7 5
2 clickedStim 13 11 14 9 7
2 rts 1979 1023 779 1033 1530
2 3 4 0 // 5 3 6 1 // 5 3 6 1
2 clickedStim 12 18 15 19 17 8
2 rts 2304 996 928 1557 1049 1257
2 4 5 0 // 3 9 6 10 8 // 3 9 6 10 8
2 clickedStim 16 18 11 10 15 8
2 rts 2268 1115 946 906 1271 1743
2 4 5 1 // 7 1 9 2 6 // 7 9 2 1 6
2 clickedStim 19 18 17 14 11 8
2 rts 1531 1011 1005 748 836 1653
2 4 5 0 // 10 9 8 5 2 // 10 9 8 5 2
2 clickedStim 17 14 16 12 19 18 9
2 rts 2009 710 911 889 1506 903 1196
2 5 6 1 // 7 4 2 6 8 9 // 7 4 6 2 9 8
2 clickedStim 15 12 18 19 11 17 9
2 rts 3183 858 958 763 1206 1115 1181
2 5 6 0 // 5 2 8 9 1 7 // 5 2 8 9 1 7
2 clickedStim 12 19 16 11 15 18 9
2 rts 1655 912 1705 957 888 840 1148
2 5 6 1 // 2 9 1 6 5 8 // 2 9 6 1 5 8
