1 clickedStim 11 8 5
1 rts 1665 804 1452
1 0 2 0 // 5 2 // 5 2
2 clickedStim 7 8 5
2 rts 1663 738 783
2 0 2 0 // 1 2 // 1 2
2 clickedStim 9 15 5
2 rts 1742 856 1270
2 0 2 0 // 3 9 // 3 9
2 clickedStim 17 16 14 6
2 rts 1497 856 886 991
2 2 3 0 // 10 9 7 // 10 9 7
2 clickedStim 16 13 11 6
2 rts 926 695 946 863
2 2 3 0 // 9 6 4 // 9 6 4
2 clickedStim 18 14 10 15 7
2 rts 1292 910 741 821 1155
2 3 4 0 // 10 6 2 7 // 10 6 2 7
2 clickedStim 12 9 18 16 7
2 rts 1212 576 805 451 771
2 3 4 0 // 4 1 10 8 // 4 1 10 8
2 clickedStim 17 18 12 11 14 8
2 rts 1294 756 644 833 535 972
2 4 5 0 // 8 9 3 2 5 // 8 9 3 2 5
2 clickedStim 16 19 12 15 11 8
2 rts 1591 1044 1026 765 603 834
2 4 5 0 // 7 10 3 6 2 // 7 10 3 6 2
2 clickedStim 16 14 20 13 11 19 9
2 rts 1655 761 1021 664 1053 923 1204
2 5 6 0 // 6 4 10 3 1 9 // 6 4 10 3 1 9
2 clickedStim 17 18 15 16 13 11 9
2 rts 1430 567 826 516 578 936 988
2 5 6 0 // 7 8 5 6 3 1 // 7 8 5 6 3 1
2 clickedStim 21 19 18 16 17 15 10
2 rts 1759 590 1874 586 657 2090 945
2 6 7 1 // 10 8 6 7 5 1 4 // 10 8 7 5 6 4
2 clickedStim 19 13 20 14 21 12 18 10
2 rts 1194 826 1063 807 1996 883 853 1030
2 6 7 1 // 8 2 9 3 1 10 7 // 8 2 9 3 10 1 7
