1 clickedStim 14 13 5
1 rts 1388 237 2997
1 0 2 0 // 8 7 // 8 7
2 clickedStim 12 14 5
2 rts 1212 846 223
2 0 2 0 // 6 8 // 6 8
2 clickedStim 12 16 5
2 rts 1301 289 346
2 0 2 0 // 6 10 // 6 10
2 clickedStim 11 17 13 6
2 rts 988 206 38 390
2 2 3 0 // 4 10 6 // 4 10 6
2 clickedStim 15 8 9 6
2 rts 958 163 164 147
2 2 3 0 // 8 1 2 // 8 1 2
2 clickedStim 10 13 11 15 7
2 rts 901 121 241 331 879
2 3 4 0 // 2 5 3 7 // 2 5 3 7
2 clickedStim 14 10 18 8 8 9 10 18 7
2 rts 1545 345 315 1261 2176 731 231 721 920
2 3 4 0 // 6 1 2 10 // 6 1 2 10
2 clickedStim 15 9 13 15 19 16 11 8
2 rts 1337 1337 596 456 903 241 704 323
2 4 5 0 // 4 6 10 7 2 // 4 6 10 7 2
2 clickedStim 19 11 10 15 9 9 12 10 15 8
2 rts 958 280 746 356 1121 513 1162 479 435 443
2 4 5 0 // 10 2 3 1 6 // 10 2 3 1 6
2 clickedStim 12 20 18 15 19 13 9
2 rts 2045 1271 795 354 1601 429 489
2 5 6 0 // 2 10 8 5 9 3 // 2 10 8 5 9 3
2 clickedStim 17 11 20 12 18 15 9
2 rts 1147 379 463 456 297 189 248
2 5 6 0 // 7 1 10 2 8 5 // 7 1 10 2 8 5
2 clickedStim 19 13 18 12 11 11 11 11 11 17 13 18 12 19 15 14 11 10
2 rts 933 563 365 231 3504 139 166 108 133 638 265 281 389 1169 2085 181 1658 1014
2 6 7 1 // 3 2 7 1 8 6 4 // 6 2 7 1 8 4
2 clickedStim 13 16 12 18 21 19 20 10
2 rts 1185 214 289 763 495 1285 123 1112
2 6 7 0 // 2 5 1 7 10 8 9 // 2 5 1 7 10 8 9
2 clickedStim 16 13 14 15 21 12 11 18 12 10
2 rts 1036 207 647 388 488 530 1045 473 378 589
2 6 7 0 // 5 2 3 4 10 7 1 // 5 2 3 4 10 7 1
2 clickedStim 20 14 17 15 19 22 18 13 11
2 rts 1072 265 272 256 421 273 587 197 381
2 7 8 0 // 8 2 5 3 7 10 6 1 // 8 2 5 3 7 10 6 1
2 clickedStim 19 14 16 18 20 21 15 11
2 rts 893 530 188 306 280 1219 281 380
2 7 8 1 // 7 5 2 4 6 8 9 3 // 7 2 4 6 8 9 3
2 clickedStim 17 14 20 13 15 19 21 16 11
2 rts 1038 738 462 281 1245 862 345 33 1019
2 7 8 1 // 5 3 8 1 2 9 7 10 // 5 2 8 1 3 7 9 4
