1 clickedStim 14 16 5
1 rts 1442 1338 935
1 0 2 0 // 8 10 // 8 10
2 clickedStim 9 12 5
2 rts 1333 907 997
2 0 2 0 // 3 6 // 3 6
2 clickedStim 8 10 5
2 rts 3841 1044 1329
2 0 2 0 // 2 4 // 2 4
2 clickedStim 8 17 9 6
2 rts 1403 917 1427 4797
2 2 3 0 // 1 10 2 // 1 10 2
2 clickedStim 12 10 11 6
2 rts 2215 2494 1212 1613
2 2 3 0 // 5 3 4 // 5 3 4
2 clickedStim 9 10 14 12 7
2 rts 1487 1074 2241 1397 1133
2 3 4 0 // 1 2 6 4 // 1 2 6 4
2 clickedStim 14 10 15 13 7
2 rts 1503 1132 869 850 908
2 3 4 0 // 6 2 7 5 // 6 2 7 5
2 clickedStim 11 18 14 13 17 8
2 rts 1753 722 829 859 790 1192
2 4 5 1 // 2 5 9 4 8 // 2 9 5 4 8
2 clickedStim 15 19 12 14 17 8
2 rts 1214 780 1015 810 936 1015
2 4 5 0 // 6 10 3 5 8 // 6 10 3 5 8
2 clickedStim 17 14 13 18 15 8
2 rts 1567 1054 731 1065 996 4562
2 4 5 0 // 8 5 4 9 6 // 8 5 4 9 6
2 clickedStim 13 20 15 16 12 9
2 rts 4126 2415 1897 799 995 1515
2 5 6 1 // 3 5 10 6 1 2 // 3 10 5 6 2
2 clickedStim 17 16 15 19 12 18 9
2 rts 1128 995 1066 1525 1281 995 1554
2 5 6 0 // 7 6 5 9 2 8 // 7 6 5 9 2 8
2 clickedStim 12 18 16 13 15 14 9
2 rts 2147 1632 888 907 721 800 1092
2 5 6 0 // 2 8 6 3 5 4 // 2 8 6 3 5 4
2 clickedStim 18 16 13 21 15 12 20 10
2 rts 1365 869 742 1948 1034 1279 1182 985
2 6 7 1 // 7 5 2 1 10 4 9 // 7 5 2 10 4 1 9
2 clickedStim 10
2 rts 1741
2 6 7 1 // 8 9 10 1 2 3 6 // 
