1 clickedStim 12 11 5
1 rts 1480 203 1326
1 0 2 0 // 6 5 // 6 5
2 clickedStim 12 14 5
2 rts 4198 1138 984
2 0 2 0 // 6 8 // 6 8
2 clickedStim 10 7 5
2 rts 1781 459 917
2 0 2 0 // 4 1 // 4 1
2 clickedStim 9 8 10 6
2 rts 1659 928 2103 986
2 2 3 0 // 2 1 3 // 2 1 3
2 clickedStim 13 9 14 6
2 rts 1557 1011 2038 1121
2 2 3 0 // 6 2 7 // 6 2 7
2 clickedStim 11 17 9 7
2 rts 1392 1404 1118 927
2 3 4 1 // 3 6 9 1 // 3 9 1
2 clickedStim 14 15 10 17 7
2 rts 1760 1032 1365 2143 792
2 3 4 0 // 6 7 2 9 // 6 7 2 9
2 clickedStim 9 14 10 18 7
2 rts 1387 1390 938 933 786
2 3 4 0 // 1 6 2 10 // 1 6 2 10
2 clickedStim 15 17 16 12 11 8
2 rts 1557 762 987 1798 847 1419
2 4 5 1 // 6 8 7 2 3 // 6 8 7 3 2
2 clickedStim 15 10 17 16 9 16 12 8
2 rts 2229 666 1151 666 8357 4592 4009 826
2 4 5 1 // 6 1 8 7 5 // 6 1 8 7 3
