1 clickedStim 12 14 5
1 rts 1867 871 1244
1 0 2 0 // 6 8 // 6 8
2 clickedStim 7 8 5
2 rts 3371 924 1183
2 0 2 0 // 1 2 // 1 2
2 clickedStim 14 10 5
2 rts 1760 708 1301
2 0 2 0 // 8 4 // 8 4
2 clickedStim 13 9 8 6
2 rts 1194 869 689 1090
2 2 3 0 // 6 2 1 // 6 2 1
2 clickedStim 11 15 14 6
2 rts 1204 769 870 1307
2 2 3 0 // 4 8 7 // 4 8 7
2 clickedStim 11 14 18 16 7
2 rts 1251 672 763 601 959
2 3 4 0 // 3 6 10 8 // 3 6 10 8
2 clickedStim 13 11 16 9 7
2 rts 1113 918 959 977 904
2 3 4 0 // 5 3 8 1 // 5 3 8 1
2 clickedStim 14 17 16 19 18 8
2 rts 1238 649 752 657 782 887
2 4 5 0 // 5 8 7 10 9 // 5 8 7 10 9
2 clickedStim 15 16 14 12 17 8
2 rts 1419 925 799 760 706 935
2 4 5 0 // 6 7 5 3 8 // 6 7 5 3 8
2 clickedStim 15 20 11 14 16 12 9
2 rts 910 763 863 690 1023 820 1072
2 5 6 0 // 5 10 1 4 6 2 // 5 10 1 4 6 2
2 clickedStim 15 18 16 13 17 14 9
2 rts 1174 637 781 920 792 679 955
2 5 6 0 // 5 8 6 3 7 4 // 5 8 6 3 7 4
2 clickedStim 16 14 17 18 19 12 13 10
2 rts 1073 743 581 904 720 1552 897 1156
2 6 7 0 // 5 3 6 7 8 1 2 // 5 3 6 7 8 1 2
2 clickedStim 21 12 19 17 18 14 15 10
2 rts 1073 860 696 1018 728 816 716 1092
2 6 7 0 // 10 1 8 6 7 3 4 // 10 1 8 6 7 3 4
2 clickedStim 18 17 15 16 20 22 21 13 11
2 rts 1279 578 640 816 776 598 723 1069 1144
2 7 8 0 // 6 5 3 4 8 10 9 1 // 6 5 3 4 8 10 9 1
2 clickedStim 14 19 22 21 13 18 16 20 11
2 rts 1297 689 683 752 843 792 807 810 1528
2 7 8 0 // 2 7 10 9 1 6 4 8 // 2 7 10 9 1 6 4 8
2 clickedStim 18 15 22 17 20 23 19 21 12
2 rts 992 866 788 744 810 904 1257 2819 981
2 8 9 1 // 5 2 9 4 7 10 6 1 8 // 5 2 9 4 7 10 6 8
2 clickedStim 17 18 22 15 16 14 20 21 23 12
2 rts 1016 1073 751 817 856 768 801 800 801 1348
2 8 9 0 // 4 5 9 2 3 1 7 8 10 // 4 5 9 2 3 1 7 8 10
2 clickedStim 18 20 19 15 17 14 21 16 23 12
2 rts 1181 478 832 722 723 499 738 756 787 1063
2 8 9 1 // 5 7 6 2 4 1 3 8 10 // 5 7 6 2 4 1 8 3 10
