1 clickedStim 13 15 5
1 rts 1718 749 1310
1 0 2 0 // 7 9 // 7 9
2 clickedStim 12 7 5
2 rts 1084 782 1005
2 0 2 0 // 6 1 // 6 1
2 clickedStim 11 14 5
2 rts 1154 503 796
2 0 2 0 // 5 8 // 5 8
2 clickedStim 10 9 14 6
2 rts 2175 575 680 907
2 2 3 0 // 3 2 7 // 3 2 7
2 clickedStim 15 12 10 6
2 rts 1342 494 581 1095
2 2 3 0 // 8 5 3 // 8 5 3
2 clickedStim 12 11 9 10 7
2 rts 1289 799 709 642 998
2 3 4 0 // 4 3 1 2 // 4 3 1 2
2 clickedStim 14 12 18 11 7
2 rts 1724 791 791 989 776
2 3 4 0 // 6 4 10 3 // 6 4 10 3
2 clickedStim 15 16 12 18 13 8
2 rts 1472 1085 1084 839 803 920
2 4 5 0 // 6 7 3 9 4 // 6 7 3 9 4
2 clickedStim 12 11 17 13 19 8
2 rts 1362 567 627 545 652 876
2 4 5 0 // 3 2 8 4 10 // 3 2 8 4 10
2 clickedStim 16 19 20 13 14 11 9
2 rts 1495 605 649 1056 872 489 859
2 5 6 0 // 6 9 10 3 4 1 // 6 9 10 3 4 1
2 clickedStim 19 12 15 18 13 11 9
2 rts 1546 806 502 482 616 575 822
2 5 6 0 // 9 2 5 8 3 1 // 9 2 5 8 3 1
2 clickedStim 16 20 21 18 19 12 14 10
2 rts 1850 665 665 502 714 590 713 1052
2 6 7 0 // 5 9 10 7 8 1 3 // 5 9 10 7 8 1 3
2 clickedStim 17 16 12 15 19 20 13 10
2 rts 1311 505 589 539 775 705 634 823
2 6 7 0 // 6 5 1 4 8 9 2 // 6 5 1 4 8 9 2
2 clickedStim 13 19 20 22 17 15 18 21 11
2 rts 2325 743 635 557 583 704 409 533 842
2 7 8 0 // 1 7 8 10 5 3 6 9 // 1 7 8 10 5 3 6 9
2 clickedStim 21 17 22 18 13 15 20 16 11
2 rts 2227 541 710 1108 863 870 3782 606 955
2 7 8 1 // 9 5 10 6 1 4 3 2 // 9 5 10 6 1 3 8 4
2 clickedStim 20 14 19 16 13 21 18 17 11
2 rts 3542 737 580 519 505 658 512 505 853
2 7 8 0 // 8 2 7 4 1 9 6 5 // 8 2 7 4 1 9 6 5
2 clickedStim 20 23 21 16 22 18 12
2 rts 1453 821 498 1231 631 503 2738
2 8 9 1 // 7 10 8 3 9 5 1 4 2 // 7 10 8 3 9 5
2 clickedStim 21 20 14 16 22 19 12
2 rts 4596 463 620 886 542 651 959
2 8 9 1 // 8 2 1 7 9 6 3 5 10 // 8 7 1 3 9 6
