1 clickedStim 10 11 5
1 rts 1888 829 997
1 0 2 0 // 4 5 // 4 5
2 clickedStim 8 11 5
2 rts 1324 847 930
2 0 2 0 // 2 5 // 2 5
2 clickedStim 8 7 5
2 rts 2923 1098 1030
2 0 2 0 // 2 1 // 2 1
2 clickedStim 14 8 17 6
2 rts 2288 747 930 1065
2 2 3 0 // 7 1 10 // 7 1 10
2 clickedStim 13 11 8 6
2 rts 1938 864 1414 2015
2 2 3 0 // 6 4 1 // 6 4 1
2 clickedStim 13 14 12 11 7
2 rts 1418 746 847 1066 1030
2 3 4 0 // 5 6 4 3 // 5 6 4 3
2 clickedStim 17 16 18 9 7
2 rts 1521 697 582 814 1013
2 3 4 0 // 9 8 10 1 // 9 8 10 1
2 clickedStim 11 15 13 17 18 8
2 rts 2137 665 965 647 631 1649
2 4 5 0 // 2 6 4 8 9 // 2 6 4 8 9
2 clickedStim 13 19 18 17 12 8
2 rts 1767 1063 798 1069 595 964
2 4 5 0 // 4 10 9 8 3 // 4 10 9 8 3
2 clickedStim 17 15 16 14 13 18 9
2 rts 1998 781 599 1115 748 615 1047
2 5 6 0 // 7 5 6 4 3 8 // 7 5 6 4 3 8
2 clickedStim 9
2 rts 918
2 5 6 1 // 10 1 5 4 7 6 // 
2 clickedStim 13 20 14 11 17 18 9
2 rts 2381 764 649 666 680 799 632
2 5 6 0 // 3 10 4 1 7 8 // 3 10 4 1 7 8
2 clickedStim 18 13 19 14 21 20 15 10
2 rts 1528 847 896 1049 2782 1065 2448 882
2 6 7 0 // 7 2 8 3 10 9 4 // 7 2 8 3 10 9 4
2 clickedStim 14 17 16 20 13 21 10
2 rts 3612 465 1015 664 765 681 732
2 6 7 1 // 3 7 6 5 9 2 10 // 3 6 5 9 2 10
2 clickedStim 15 18 14 16 21 13 10
2 rts 1861 781 1048 615 548 798 697
2 6 7 1 // 4 7 3 10 6 5 2 // 4 7 3 5 10 2
