1 clickedStim 8 12 5
1 rts 1760 698 1200
1 0 2 0 // 2 6 // 2 6
2 clickedStim 9 12 5
2 rts 1564 687 1061
2 0 2 0 // 3 6 // 3 6
2 clickedStim 10 16 5
2 rts 1343 783 1062
2 0 2 0 // 4 10 // 4 10
2 clickedStim 11 13 8 6
2 rts 1257 861 806 1057
2 2 3 0 // 4 6 1 // 4 6 1
2 clickedStim 13 12 15 6
2 rts 1708 660 500 1078
2 2 3 0 // 6 5 8 // 6 5 8
2 clickedStim 10 14 9 16 7
2 rts 1131 640 743 706 969
2 3 4 0 // 2 6 1 8 // 2 6 1 8
2 clickedStim 18 14 17 15 7
2 rts 1354 768 670 1086 1022
2 3 4 0 // 10 6 9 7 // 10 6 9 7
2 clickedStim 14 12 10 15 19 8
2 rts 1466 631 1185 902 744 928
2 4 5 0 // 5 3 1 6 10 // 5 3 1 6 10
2 clickedStim 10 11 18 15 14 8
2 rts 1642 569 722 522 548 886
2 4 5 0 // 1 2 9 6 5 // 1 2 9 6 5
2 clickedStim 19 11 20 17 12 16 9
2 rts 1641 633 771 647 710 679 1188
2 5 6 0 // 9 1 10 7 2 6 // 9 1 10 7 2 6
2 clickedStim 20 19 16 15 17 13 9
2 rts 1462 617 608 608 640 919 1084
2 5 6 0 // 10 9 6 5 7 3 // 10 9 6 5 7 3
2 clickedStim 21 12 15 17 14 20 13 10
2 rts 1494 761 618 601 522 653 687 990
2 6 7 0 // 10 1 4 6 3 9 2 // 10 1 4 6 3 9 2
2 clickedStim 18 16 21 19 20 12 17 10
2 rts 1811 783 837 405 762 5494 1125 1028
2 6 7 0 // 7 5 10 8 9 1 6 // 7 5 10 8 9 1 6
2 clickedStim 21 19 16 18 14 15 13 17 11
2 rts 1306 687 552 724 600 774 656 685 897
2 7 8 0 // 9 7 4 6 2 3 1 5 // 9 7 4 6 2 3 1 5
2 clickedStim 18 15 16 14 13 17 22 21 11
2 rts 1692 383 1788 852 523 742 660 548 807
2 7 8 1 // 6 3 8 2 5 1 4 9 // 6 3 4 2 1 5 10 9
2 clickedStim 17 16 20 19 13 21 18 11
2 rts 2181 1311 654 682 726 709 404 889
2 7 8 1 // 5 10 8 7 4 6 1 9 // 5 4 8 7 1 9 6
