1 clickedStim 10 15 5
1 rts 1577 752 732
1 0 2 0 // 4 9 // 4 9
2 clickedStim 14 10 5
2 rts 1270 560 964
2 0 2 0 // 8 4 // 8 4
2 clickedStim 13 8 5
2 rts 1240 576 745
2 0 2 0 // 7 2 // 7 2
2 clickedStim 13 17 16 6
2 rts 1092 599 519 643
2 2 3 0 // 6 10 9 // 6 10 9
2 clickedStim 17 8 10 6
2 rts 1112 728 623 781
2 2 3 0 // 10 1 3 // 10 1 3
2 clickedStim 15 10 18 9 7
2 rts 758 649 602 643 762
2 3 4 0 // 7 2 10 1 // 7 2 10 1
2 clickedStim 9 12 18 10 7
2 rts 1043 484 576 581 626
2 3 4 0 // 1 4 10 2 // 1 4 10 2
2 clickedStim 15 13 17 11 19 8
2 rts 1045 658 635 611 640 737
2 4 5 0 // 6 4 8 2 10 // 6 4 8 2 10
2 clickedStim 17 12 14 11 13 8
2 rts 1181 593 712 634 705 996
2 4 5 0 // 8 3 5 2 4 // 8 3 5 2 4
2 clickedStim 16 13 20 15 14 11 9
2 rts 921 612 817 600 593 632 1932
2 5 6 1 // 6 3 10 4 5 1 // 6 3 10 5 4 1
2 clickedStim 12 17 15 16 14 19 9
2 rts 1356 641 2071 401 359 448 828
2 5 6 1 // 2 7 5 4 6 9 // 2 7 5 6 4 9
