1 clickedStim 16 12 5
1 rts 1784 687 1437
1 0 2 0 // 10 6 // 10 6
2 clickedStim 13 15 5
2 rts 1594 752 931
2 0 2 0 // 7 9 // 7 9
2 clickedStim 8 10 5
2 rts 1507 772 1154
2 0 2 0 // 2 4 // 2 4
2 clickedStim 15 16 9 6
2 rts 1109 893 755 1304
2 2 3 0 // 8 9 2 // 8 9 2
2 clickedStim 14 17 15 6
2 rts 1149 828 564 743
2 2 3 0 // 7 10 8 // 7 10 8
2 clickedStim 13 18 10 9 7
2 rts 1219 949 871 766 1348
2 3 4 0 // 5 10 2 1 // 5 10 2 1
2 clickedStim 10 11 15 13 7
2 rts 1266 945 1144 755 1059
2 3 4 0 // 2 3 7 5 // 2 3 7 5
2 clickedStim 11 17 10 13 15 8
2 rts 1556 1268 1200 1116 921 2014
2 4 5 0 // 2 8 1 4 6 // 2 8 1 4 6
2 clickedStim 19 18 12 13 10 8
2 rts 1783 765 1109 706 562 828
2 4 5 0 // 10 9 3 4 1 // 10 9 3 4 1
2 clickedStim 13 12 15 11 20 14 9
2 rts 1151 638 735 653 873 632 809
2 5 6 0 // 3 2 5 1 10 4 // 3 2 5 1 10 4
2 clickedStim 15 18 11 14 19 16 9
2 rts 1235 751 1824 759 1000 485 831
2 5 6 0 // 5 8 1 4 9 6 // 5 8 1 4 9 6
2 clickedStim 18 14 19 17 21 20 15 10
2 rts 1154 840 704 718 518 683 778 874
2 6 7 1 // 7 3 6 8 10 9 4 // 7 3 8 6 10 9 4
2 clickedStim 15 21 19 12 14 20 10
2 rts 1231 759 652 787 694 582 784
2 6 7 1 // 4 10 8 1 3 9 6 // 4 10 8 1 3 9
