1 clickedStim 15 12 5
1 rts 1015 508 1029
1 0 2 0 // 9 6 // 9 6
2 clickedStim 16 11 5
2 rts 795 551 1232
2 0 2 0 // 10 5 // 10 5
2 clickedStim 10 8 5
2 rts 841 485 896
2 0 2 0 // 4 2 // 4 2
2 clickedStim 9 8 11 6
2 rts 807 460 364 938
2 2 3 0 // 2 1 4 // 2 1 4
2 clickedStim 16 10 14 6
2 rts 887 437 504 585
2 2 3 0 // 9 3 7 // 9 3 7
2 clickedStim 15 17 9 10 7
2 rts 623 590 688 465 701
2 3 4 0 // 7 9 1 2 // 7 9 1 2
2 clickedStim 9 13 18 12 7
2 rts 593 545 1154 1618 850
2 3 4 0 // 1 5 10 4 // 1 5 10 4
2 clickedStim 11 12 18 17 15 8
2 rts 786 392 549 648 441 720
2 4 5 1 // 2 8 3 9 6 // 2 3 9 8 6
2 clickedStim 17 13 18 10 12 8
2 rts 589 526 606 1320 470 733
2 4 5 0 // 8 4 9 1 3 // 8 4 9 1 3
2 clickedStim 11 16 15 13 19 8
2 rts 1439 421 458 416 409 471
2 4 5 0 // 2 7 6 4 10 // 2 7 6 4 10
2 clickedStim 15 11 20 16 18 12 9
2 rts 637 646 587 501 1142 666 592
2 5 6 1 // 5 1 10 8 6 2 // 5 1 10 6 8 2
2 clickedStim 15 18 20 12 19 11 9
2 rts 606 330 260 719 1185 670 1694
2 5 6 1 // 5 2 8 10 9 3 // 5 8 10 2 9 1
