1 clickedStim 11 13 5
1 rts 1446 687 997
1 0 2 0 // 5 7 // 5 7
2 clickedStim 9 14 5
2 rts 1170 589 898
2 0 2 0 // 3 8 // 3 8
2 clickedStim 12 14 5
2 rts 1251 513 745
2 0 2 0 // 6 8 // 6 8
2 clickedStim 15 12 10 6
2 rts 1427 755 612 1641
2 2 3 0 // 8 5 3 // 8 5 3
2 clickedStim 15 9 13 6
2 rts 1635 924 933 1685
2 2 3 0 // 8 2 6 // 8 2 6
2 clickedStim 18 11 13 12 7
2 rts 1548 775 770 782 1185
2 3 4 0 // 10 3 5 4 // 10 3 5 4
2 clickedStim 11 9 18 17 7
2 rts 1298 701 752 554 897
2 3 4 0 // 3 1 10 9 // 3 1 10 9
2 clickedStim 15 12 13 16 10 8
2 rts 1311 525 633 620 601 941
2 4 5 0 // 6 3 4 7 1 // 6 3 4 7 1
2 clickedStim 18 11 14 12 15 8
2 rts 1920 636 657 583 784 961
2 4 5 0 // 9 2 5 3 6 // 9 2 5 3 6
2 clickedStim 14 11 19 18 12 17 9
2 rts 1712 629 1317 743 867 830 1067
2 5 6 0 // 4 1 9 8 2 7 // 4 1 9 8 2 7
2 clickedStim 14 13 11 19 16 17 9
2 rts 1348 858 841 659 484 811 683
2 5 6 0 // 4 3 1 9 6 7 // 4 3 1 9 6 7
2 clickedStim 15 13 19 12 18 21 17 10
2 rts 1413 767 957 1154 719 1577 710 702
2 6 7 1 // 8 4 5 1 7 10 6 // 4 2 8 1 7 10 6
2 clickedStim 21 16 15 13 14 19 11 18 19 10
2 rts 2935 882 791 1023 960 820 1721 2254 825 1026
2 6 7 1 // 10 5 3 2 4 7 8 // 10 5 4 2 3 7 8
