1 clickedStim 11 10 5
1 rts 2516 901 3664
1 0 2 0 // 5 4 // 5 4
2 clickedStim 11 14 5
2 rts 2194 849 1312
2 0 2 0 // 5 8 // 5 8
2 clickedStim 11 16 5
2 rts 1941 1043 1043
2 0 2 0 // 5 10 // 5 10
2 clickedStim 15 16 14 6
2 rts 1339 927 930 1088
2 2 3 0 // 8 9 7 // 8 9 7
2 clickedStim 11 8 17 6
2 rts 1652 1022 1045 925
2 2 3 0 // 4 1 10 // 4 1 10
2 clickedStim 11 9 12 18 7
2 rts 1614 1091 781 925 830
2 3 4 0 // 3 1 4 10 // 3 1 4 10
2 clickedStim 12 10 11 16 7
2 rts 1399 845 837 836 897
2 3 4 0 // 4 2 3 8 // 4 2 3 8
2 clickedStim 18 19 14 16 10 8
2 rts 1123 822 928 861 950 928
2 4 5 0 // 9 10 5 7 1 // 9 10 5 7 1
2 clickedStim 10 12 9 15 12 14 17 8
2 rts 1358 969 1145 1381 898 798 745 884
2 4 5 0 // 1 6 3 5 8 // 1 6 3 5 8
2 clickedStim 16 18 11 14 19 12 9
2 rts 1405 840 839 696 1151 939 974
2 5 6 0 // 6 8 1 4 9 2 // 6 8 1 4 9 2
2 clickedStim 18 17 19 14 16 20 9
2 rts 871 1765 940 874 1094 953 798
2 5 6 0 // 8 7 9 4 6 10 // 8 7 9 4 6 10
2 clickedStim 18 16 14 13 20 17 21 10
2 rts 1120 947 847 730 1049 810 837 963
2 6 7 0 // 7 5 3 2 9 6 10 // 7 5 3 2 9 6 10
2 clickedStim 12 18 21 20 15 17 10
2 rts 1548 960 1658 1002 978 959 881
2 6 7 1 // 1 7 5 10 9 4 6 // 1 7 10 9 4 6
2 clickedStim 13 17 14 16 19 15 21 10
2 rts 1855 829 1027 1430 613 779 894 890
2 6 7 0 // 2 6 3 5 8 4 10 // 2 6 3 5 8 4 10
2 clickedStim 16 22 18 15 21 19 13 11
2 rts 2706 873 885 725 722 984 790 9998
2 7 8 1 // 4 10 6 3 5 9 7 1 // 4 10 6 3 9 7 1
2 clickedStim 19 22 21 16 20 13 15 18 11
2 rts 4642 2159 1292 3512 1089 920 1092 901 12489
2 7 8 0 // 7 10 9 4 8 1 3 6 // 7 10 9 4 8 1 3 6
2 clickedStim 16 18 20 15 14 22 13 21 11
2 rts 2765 997 723 825 772 866 886 1091 849
2 7 8 0 // 4 6 8 3 2 10 1 9 // 4 6 8 3 2 10 1 9
2 clickedStim 14 20 16 21 18 22 17 19 15 12
2 rts 1742 1129 976 958 755 1091 1738 955 870 859
2 8 9 1 // 1 3 7 8 5 9 6 4 2 // 1 7 3 8 5 9 4 6 2
2 clickedStim 18 22 20 21 17 23 16 19 12
2 rts 1034 929 818 954 991 880 2760 1012 1991
2 8 9 1 // 5 9 7 4 8 1 10 2 3 // 5 9 7 8 4 10 3 6
