1 clickedStim 14 7 5
1 rts 1845 711 1372
1 0 2 0 // 8 1 // 8 1
2 clickedStim 10 15 5
2 rts 1842 766 852
2 0 2 0 // 4 9 // 4 9
2 clickedStim 8 7 5
2 rts 1322 449 1478
2 0 2 0 // 2 1 // 2 1
2 clickedStim 10 17 11 6
2 rts 1461 591 659 1161
2 2 3 0 // 3 10 4 // 3 10 4
2 clickedStim 14 16 12 6
2 rts 1688 591 530 963
2 2 3 0 // 7 9 5 // 7 9 5
2 clickedStim 11 18 12 9 7
2 rts 1191 644 614 598 1009
2 3 4 0 // 3 10 4 1 // 3 10 4 1
2 clickedStim 9 18 12 10 7
2 rts 1489 515 576 592 858
2 3 4 0 // 1 10 4 2 // 1 10 4 2
2 clickedStim 10 19 17 15 18 8
2 rts 1364 531 579 439 531 1047
2 4 5 0 // 1 10 8 6 9 // 1 10 8 6 9
2 clickedStim 15 14 18 11 12 8
2 rts 1208 477 461 524 524 809
2 4 5 0 // 6 5 9 2 3 // 6 5 9 2 3
2 clickedStim 20 13 17 14 18 16 9
2 rts 735 624 946 409 527 622 805
2 5 6 0 // 10 3 7 4 8 6 // 10 3 7 4 8 6
2 clickedStim 19 12 13 20 14 11 9
2 rts 1759 756 511 522 488 378 855
2 5 6 0 // 9 2 3 10 4 1 // 9 2 3 10 4 1
2 clickedStim 21 16 17 15 14 18 10
2 rts 3645 475 553 3674 648 579 2023
2 6 7 1 // 5 1 6 10 9 3 7 // 10 5 6 4 3 7
2 clickedStim 20 14 16 15 19 13 21 10
2 rts 1477 657 692 857 609 7395 623 1504
2 6 7 1 // 9 3 5 8 4 2 10 // 9 3 5 4 8 2 10
