1 clickedStim 10 9 5
1 rts 2852 590 1238
1 0 2 0 // 4 3 // 4 3
2 clickedStim 7 16 5
2 rts 2069 590 783
2 0 2 0 // 1 10 // 1 10
2 clickedStim 11 8 5
2 rts 1288 197 734
2 0 2 0 // 5 2 // 5 2
2 clickedStim 8 13 14 6
2 rts 1239 707 282 783
2 2 3 0 // 1 6 7 // 1 6 7
2 clickedStim 14 15 17 6
2 rts 1067 203 150 798
2 2 3 0 // 7 8 10 // 7 8 10
2 clickedStim 16 17 11 13 7
2 rts 1337 357 485 268 702
2 3 4 0 // 8 9 3 5 // 8 9 3 5
2 clickedStim 10 14 9 11 7
2 rts 3717 705 1618 767 92254
2 3 4 0 // 2 6 1 3 // 2 6 1 3
2 clickedStim 11 14 19 17 8
2 rts 2447 229 347 664 1949
2 4 5 1 // 2 5 10 8 1 // 2 5 10 8
2 clickedStim 18 16 10 13 11 8
2 rts 2454 344 2001 204 2015 1703
2 4 5 0 // 9 7 1 4 2 // 9 7 1 4 2
2 clickedStim 13 16 10 19 15 8
2 rts 2161 214 2222 426 276 2095
2 4 5 0 // 4 7 1 10 6 // 4 7 1 10 6
2 clickedStim 18 19 12 13 17 14 9
2 rts 2481 402 3555 167 2645 207 1723
2 5 6 1 // 9 8 3 2 7 4 // 8 9 2 3 7 4
2 clickedStim 12 17 19 16 15 18 9
2 rts 2770 383 2091 1741 252 1689 933
2 5 6 0 // 2 7 9 6 5 8 // 2 7 9 6 5 8
2 clickedStim 14 17 10 20 17 16 13 19 9
2 rts 5527 202 2499 1944 284 1984 276 1314 581
2 5 6 0 // 4 10 7 6 3 9 // 4 10 7 6 3 9
2 clickedStim 17 16 15 18 14 13 21 10
2 rts 3138 290 2566 458 2781 333 246 628
2 6 7 0 // 6 5 4 7 3 2 10 // 6 5 4 7 3 2 10
2 clickedStim 21 16 11 13 16 20 15 14 18 10
2 rts 3653 744 968 769 290 2746 5992 408 2987 717
2 6 7 0 // 10 2 5 9 4 3 7 // 10 2 5 9 4 3 7
2 clickedStim 22 17 13 19 18 16 20 15 11
2 rts 2844 317 1769 259 3837 3573 1931 1958 755
2 7 8 0 // 10 5 1 7 6 4 8 3 // 10 5 1 7 6 4 8 3
2 clickedStim 16 17 21 20 22 19 13 14 11
2 rts 2425 258 2107 432 294 3331 513 508 776
2 7 8 0 // 4 5 9 8 10 7 1 2 // 4 5 9 8 10 7 1 2
2 clickedStim 21 19 14 17 15 16 18 20 23 12
2 rts 2468 598 2552 217 1433 4941 268 2893 1369 796
2 8 9 0 // 8 6 1 4 2 3 5 7 10 // 8 6 1 4 2 3 5 7 10
2 clickedStim 20 19 17 21 18 22 23 15 12
2 rts 2664 1208 2149 331 2753 4035 2321 462 910
2 8 9 1 // 7 6 4 8 5 9 3 10 2 // 7 6 4 8 5 9 10 2
2 clickedStim 22 19 16 15 21 20 23 17 14 12
2 rts 4068 1171 346 1353 4725 454 2189 803 957 1499
2 8 9 0 // 9 6 3 2 8 7 10 4 1 // 9 6 3 2 8 7 10 4 1
