1 clickedStim 16 15 5
1 rts 1309 1848 993
1 0 2 0 // 10 9 // 10 9
2 clickedStim 14 7 5
2 rts 1226 2326 895
2 0 2 0 // 8 1 // 8 1
2 clickedStim 13 11 5
2 rts 2305 907 904
2 0 2 0 // 7 5 // 7 5
2 clickedStim 11 8 17 6
2 rts 1134 738 724 786
2 2 3 0 // 4 1 10 // 4 1 10
2 clickedStim 15 14 9 6
2 rts 978 743 726 657
2 2 3 0 // 8 7 2 // 8 7 2
2 clickedStim 14 11 18 10 7
2 rts 1060 597 607 717 723
2 3 4 0 // 6 3 10 2 // 6 3 10 2
2 clickedStim 11 16 12 18 7
2 rts 2718 561 634 606 841
2 3 4 0 // 3 8 4 10 // 3 8 4 10
2 clickedStim 17 18 10 11 15 8
2 rts 1542 766 822 595 837 635
2 4 5 0 // 8 9 1 2 6 // 8 9 1 2 6
2 clickedStim 17 13 16 14 9 9 16 12 14 8
2 rts 1952 1436 735 1018 2246 625 1305 555 539 592
2 4 5 1 // 1 8 7 3 5 // 8 4 7 3 5
2 clickedStim 18 19 15 12 9 10 12 8
2 rts 1312 650 568 1338 1241 671 542 582
2 4 5 0 // 9 10 6 1 3 // 9 10 6 1 3
2 clickedStim 20 16 11 18 10 12 18 17 9
2 rts 1767 566 659 1228 938 682 619 619 625
2 5 6 0 // 10 6 1 2 8 7 // 10 6 1 2 8 7
2 clickedStim 19 13 12 15 18 11 9
2 rts 1189 558 553 635 656 1717 724
2 5 6 0 // 9 3 2 5 8 1 // 9 3 2 5 8 1
2 clickedStim 14 19 17 16 13 21 10
2 rts 1859 611 459 438 1545 2327 540
2 6 7 1 // 3 8 6 5 4 2 10 // 3 8 6 5 2 10
2 clickedStim 17 11 15 17 19 12 16 13 10
2 rts 4562 1683 1832 2364 1150 1899 623 684 626
2 6 7 1 // 4 6 8 1 5 2 3 // 4 6 8 1 5 2
