1 clickedStim 11 9 16 5
1 rts 3216 453 530 741
1 0 2 1 // 5 3 // 5 3 10
2 clickedStim 16 15 5
2 rts 624 462 474
2 0 2 0 // 10 9 // 10 9
2 clickedStim 14 12 5
2 rts 1097 250 535
2 0 2 0 // 8 6 // 8 6
2 clickedStim 17 12 16 6
2 rts 550 307 598 588
2 2 3 0 // 10 5 9 // 10 5 9
2 clickedStim 11 9 15 6
2 rts 556 465 342 453
2 2 3 0 // 4 2 8 // 4 2 8
2 clickedStim 9 15 12 18 7
2 rts 697 261 171 384 613
2 3 4 0 // 1 7 4 10 // 1 7 4 10
2 clickedStim 13 9 10 15 7
2 rts 836 336 395 370 566
2 3 4 0 // 5 1 2 7 // 5 1 2 7
2 clickedStim 13 14 10 15 16 8
2 rts 737 1062 400 487 375 1615
2 4 5 0 // 4 5 1 6 7 // 4 5 1 6 7
2 clickedStim 10 16 17 15 12 8
2 rts 1901 395 439 335 264 640
2 4 5 0 // 1 7 8 6 3 // 1 7 8 6 3
2 clickedStim 19 11 16 14 18 17 9
2 rts 1625 381 673 323 270 167 445
2 5 6 1 // 9 4 6 1 8 7 // 9 1 6 4 8 7
2 clickedStim 16 15 11 18 14 19 9
2 rts 1512 334 376 348 263 352 361
2 5 6 0 // 6 5 1 8 4 9 // 6 5 1 8 4 9
2 clickedStim 20 16 12 15 17 11 9
2 rts 1558 437 303 221 662 326 2269
2 5 6 0 // 10 6 2 5 7 1 // 10 6 2 5 7 1
2 clickedStim 13 15 21 16 19 18 17 10
2 rts 878 358 491 310 246 289 1107 386
2 6 7 0 // 2 4 10 5 8 7 6 // 2 4 10 5 8 7 6
2 clickedStim 19 20 18 12 15 21 14 10
2 rts 2098 461 955 336 240 1258 403 523
2 6 7 0 // 8 9 7 1 4 10 3 // 8 9 7 1 4 10 3
2 clickedStim 21 16 18 22 14 15 13 11
2 rts 1560 470 438 2004 362 350 682 390
2 7 8 1 // 9 6 8 4 2 3 10 1 // 9 4 6 10 2 3 1
2 clickedStim 21 16 20 14 17 15 19 13 11
2 rts 1070 1112 3647 402 720 276 862 258 436
2 7 8 1 // 9 8 5 2 4 3 7 1 // 9 4 8 2 5 3 7 1
