1 clickedStim 12 15 5
1 rts 1412 406 754
1 0 2 0 // 6 9 // 6 9
2 clickedStim 8 12 5
2 rts 1382 457 682
2 0 2 0 // 2 6 // 2 6
2 clickedStim 8 15 5
2 rts 1963 480 12548
2 0 2 0 // 2 9 // 2 9
2 clickedStim 11 17 10 6
2 rts 1180 572 472 913
2 2 3 0 // 4 10 3 // 4 10 3
2 clickedStim 11 9 16 6
2 rts 1295 552 724 601
2 2 3 0 // 4 2 9 // 4 2 9
2 clickedStim 15 12 18 11 7
2 rts 1511 397 520 520 749
2 3 4 0 // 7 4 10 3 // 7 4 10 3
2 clickedStim 14 16 11 18 7
2 rts 1565 344 431 358 582
2 3 4 0 // 6 8 3 10 // 6 8 3 10
2 clickedStim 16 19 12 15 10 8
2 rts 1220 622 814 507 661 670
2 4 5 0 // 7 10 3 6 1 // 7 10 3 6 1
2 clickedStim 12 10 19 14 18 8
2 rts 2067 454 495 408 525 738
2 4 5 0 // 3 1 10 5 9 // 3 1 10 5 9
2 clickedStim 20 12 16 18 19 17 9
2 rts 1316 490 533 635 2479 559 595
2 5 6 0 // 10 2 6 8 9 7 // 10 2 6 8 9 7
2 clickedStim 12 16 18 13 14 11 9
2 rts 2590 401 212 752 470 480 822
2 5 6 0 // 2 6 8 3 4 1 // 2 6 8 3 4 1
2 clickedStim 12 21 15 20 17 19 14 10
2 rts 1260 604 458 598 581 500 516 845
2 6 7 1 // 1 10 9 4 6 8 3 // 1 10 4 9 6 8 3
2 clickedStim 14 12 17 19 20 21 15 10
2 rts 2095 391 1612 228 204 175 213 1034
2 6 7 1 // 3 6 8 1 9 10 4 // 3 1 6 8 9 10 4
