1 clickedStim 7 8 5
1 rts 1659 652 994
1 0 2 0 // 1 2 // 1 2
2 clickedStim 13 7 5
2 rts 1385 1002 979
2 0 2 0 // 7 1 // 7 1
2 clickedStim 12 16 5
2 rts 1703 1136 916
2 0 2 0 // 6 10 // 6 10
2 clickedStim 15 8 17 6
2 rts 1537 964 1020 1026
2 2 3 0 // 8 1 10 // 8 1 10
2 clickedStim 10 15 8 6
2 rts 2036 1078 979 1274
2 2 3 0 // 3 8 1 // 3 8 1
2 clickedStim 15 12 11 17 7
2 rts 1778 644 1015 1326 1526
2 3 4 0 // 7 4 3 9 // 7 4 3 9
2 clickedStim 14 18 10 13 7
2 rts 1149 1050 1188 1416 13418
2 3 4 0 // 6 10 2 5 // 6 10 2 5
2 clickedStim 18 17 19 10 16 8
2 rts 1206 653 688 928 910 905
2 4 5 0 // 9 8 10 1 7 // 9 8 10 1 7
2 clickedStim 17 18 19 16 13 8
2 rts 1518 967 1061 711 661 1237
2 4 5 0 // 8 9 10 7 4 // 8 9 10 7 4
2 clickedStim 17 16 14 18 20 9
2 rts 1333 1260 3203 925 679 744
2 5 6 1 // 2 7 6 4 8 10 // 7 6 4 8 10
2 clickedStim 18 14 16 17 15 9
2 rts 1047 1337 2165 904 1080 1030
2 5 6 1 // 8 4 6 5 7 1 // 8 4 6 7 5
