1 clickedStim 8 15 5
1 rts 1229 900 730
1 0 2 0 // 2 9 // 2 9
2 clickedStim 13 12 5
2 rts 2341 631 736
2 0 2 0 // 7 6 // 7 6
2 clickedStim 11 14 5
2 rts 1114 105 890
2 0 2 0 // 5 8 // 5 8
2 clickedStim 10 13 14 6
2 rts 1361 110 2030 453
2 2 3 0 // 3 6 7 // 3 6 7
2 clickedStim 16 14 12 6
2 rts 1419 295 161 339
2 2 3 0 // 9 7 5 // 9 7 5
2 clickedStim 14 11 9 12 7
2 rts 2966 1231 420 254 678
2 3 4 0 // 6 3 1 4 // 6 3 1 4
2 clickedStim 15 17 18 12 7
2 rts 1059 269 241 281 535
2 3 4 0 // 7 9 10 4 // 7 9 10 4
2 clickedStim 13 16 15 14 10 8
2 rts 824 197 249 196 252 489
2 4 5 0 // 4 7 6 5 1 // 4 7 6 5 1
2 clickedStim 13 19 10 11 15 8
2 rts 1807 197 263 142 269 454
2 4 5 0 // 4 10 1 2 6 // 4 10 1 2 6
2 clickedStim 13 19 18 11 20 12 9
2 rts 1160 225 271 409 272 239 584
2 5 6 0 // 3 9 8 1 10 2 // 3 9 8 1 10 2
2 clickedStim 11 12 19 20 15 18 9
2 rts 1512 163 272 218 196 128 2385
2 5 6 0 // 1 2 9 10 5 8 // 1 2 9 10 5 8
2 clickedStim 16 21 15 18 19 13 17 10
2 rts 1502 210 432 127 291 189 225 344
2 6 7 0 // 5 10 4 7 8 2 6 // 5 10 4 7 8 2 6
2 clickedStim 16 20 14 12 21 19 10
2 rts 1649 172 306 683 309 91 322
2 6 7 1 // 3 9 5 1 10 8 7 // 5 9 3 1 10 8
2 clickedStim 20 15 18 12 13 16 19 10
2 rts 2012 845 533 687 207 211 160 2987
2 6 7 0 // 9 4 7 1 2 5 8 // 9 4 7 1 2 5 8
2 clickedStim 15 22 19 16 17 18 13 21 11
2 rts 1939 278 401 1254 166 205 1106 283 418
2 7 8 0 // 3 10 7 4 5 6 1 9 // 3 10 7 4 5 6 1 9
2 clickedStim 21 20 17 16 14 19 18 22 11
2 rts 1762 181 252 2479 283 1735 230 245 375
2 7 8 0 // 9 8 5 4 2 7 6 10 // 9 8 5 4 2 7 6 10
2 clickedStim 23 17 18 21 14 16 20 22 15 12
2 rts 1779 318 1036 322 1119 561 1785 316 303 499
2 8 9 0 // 10 4 5 8 1 3 7 9 2 // 10 4 5 8 1 3 7 9 2
2 clickedStim 23 22 21 18 14 15 20 19 12
2 rts 1883 748 265 1659 1229 160 209 225 404
2 8 9 1 // 10 9 8 3 5 1 2 7 6 // 10 9 8 5 1 2 7 6
2 clickedStim 18 19 16 20 23 15 17 22 12
2 rts 1705 206 1227 420 1338 736 252 237 355
2 8 9 1 // 5 6 3 1 7 10 2 4 9 // 5 6 3 7 10 2 4 9
