1 clickedStim 9 10 5
1 rts 1439 549 781
1 0 2 0 // 3 4 // 3 4
2 clickedStim 13 14 5
2 rts 1304 616 547
2 0 2 0 // 7 8 // 7 8
2 clickedStim 12 16 5
2 rts 1181 454 516
2 0 2 0 // 6 10 // 6 10
2 clickedStim 15 13 10 6
2 rts 1689 479 397 613
2 2 3 0 // 8 6 3 // 8 6 3
2 clickedStim 8 15 17 6
2 rts 1202 598 332 614
2 2 3 0 // 1 8 10 // 1 8 10
2 clickedStim 9 18 17 16 7
2 rts 972 628 449 864 1066
2 3 4 0 // 1 10 9 8 // 1 10 9 8
2 clickedStim 17 9 10 11 7
2 rts 1151 766 847 448 865
2 3 4 0 // 9 1 2 3 // 9 1 2 3
2 clickedStim 19 17 10 11 15 8
2 rts 749 431 547 832 516 614
2 4 5 0 // 10 8 1 2 6 // 10 8 1 2 6
2 clickedStim 13 12 18 16 11 8
2 rts 1133 531 517 562 664 683
2 4 5 0 // 4 3 9 7 2 // 4 3 9 7 2
2 clickedStim 16 15 14 11 17 20 9
2 rts 1047 364 430 564 915 414 681
2 5 6 0 // 6 5 4 1 7 10 // 6 5 4 1 7 10
2 clickedStim 12 17 18 15 20 13 9
2 rts 1099 448 381 367 414 532 1059
2 5 6 0 // 2 7 8 5 10 3 // 2 7 8 5 10 3
2 clickedStim 16 21 12 17 13 15 14 10
2 rts 947 904 498 700 482 522 491 749
2 6 7 0 // 5 10 1 6 2 4 3 // 5 10 1 6 2 4 3
2 clickedStim 20 21 17 18 14 19 16 10
2 rts 713 431 449 1448 631 499 348 715
2 6 7 0 // 9 10 6 7 3 8 5 // 9 10 6 7 3 8 5
2 clickedStim 15 22 14 19 18 13 21 16 11
2 rts 1841 563 582 730 565 551 645 630 916
2 7 8 0 // 3 10 2 7 6 1 9 4 // 3 10 2 7 6 1 9 4
2 clickedStim 16 14 17 18 22 20 15 13 11
2 rts 1161 431 366 567 7316 2664 598 715 997
2 7 8 1 // 4 2 5 6 8 10 3 1 // 4 2 5 6 10 8 3 1
2 clickedStim 17 22 14 15 13 16 19 21 11
2 rts 912 991 971 516 446 365 5249 732 534
2 7 8 0 // 5 10 2 3 1 4 7 9 // 5 10 2 3 1 4 7 9
2 clickedStim 22 23 16 15 20 21 17 18 19 12
2 rts 957 1281 516 666 732 565 549 851 449 914
2 8 9 1 // 9 7 3 10 4 8 2 5 6 // 9 10 3 2 7 8 4 5 6
2 clickedStim 22 19 23 16 14 21 20 17 18 12
2 rts 1526 349 496 482 466 566 446 332 496 849
2 8 9 0 // 9 6 10 3 1 8 7 4 5 // 9 6 10 3 1 8 7 4 5
2 clickedStim 14 19 20 15 18 23 21 16 12
2 rts 877 863 499 483 544 1651 1163 633 2249
2 8 9 1 // 1 6 7 2 5 10 4 8 3 // 1 6 7 2 5 10 8 3
