1 clickedStim 9 15 5
1 rts 1286 624 1119
1 0 2 0 // 3 9 // 3 9
2 clickedStim 7 10 5
2 rts 1205 382 715
2 0 2 0 // 1 4 // 1 4
2 clickedStim 9 13 5
2 rts 1442 1176 1022
2 0 2 0 // 3 7 // 3 7
2 clickedStim 13 12 14 6
2 rts 1133 735 700 942
2 2 3 0 // 6 5 7 // 6 5 7
2 clickedStim 12 10 13 6
2 rts 1120 564 842 877
2 2 3 0 // 5 3 6 // 5 3 6
2 clickedStim 15 16 9 11 7
2 rts 1512 460 739 553 854
2 3 4 0 // 7 8 1 3 // 7 8 1 3
2 clickedStim 18 10 9 17 7
2 rts 970 553 534 1013 1046
2 3 4 0 // 10 2 1 9 // 10 2 1 9
2 clickedStim 13 17 16 18 19 8
2 rts 1025 466 536 701 537 704
2 4 5 0 // 4 8 7 9 10 // 4 8 7 9 10
2 clickedStim 17 16 19 18 11 8
2 rts 875 598 556 655 573 836
2 4 5 0 // 8 7 10 9 2 // 8 7 10 9 2
2 clickedStim 17 11 18 15 12 19 9
2 rts 1180 447 767 503 575 511 734
2 5 6 0 // 7 1 8 5 2 9 // 7 1 8 5 2 9
2 clickedStim 16 19 12 15 14 13 9
2 rts 1219 564 674 920 523 538 618
2 5 6 0 // 6 9 2 5 4 3 // 6 9 2 5 4 3
2 clickedStim 14 20 12 16 11 18 16 17 10
2 rts 2321 555 657 1562 1698 849 436 482 7622
2 6 7 1 // 3 9 1 7 5 6 2 // 3 9 1 7 5 6
2 clickedStim 13 15 18 17 21 16 14 10
2 rts 2887 400 506 620 679 559 691 598
2 6 7 0 // 2 4 7 6 10 5 3 // 2 4 7 6 10 5 3
2 clickedStim 14 16 20 18 15 21 13 10
2 rts 1792 438 500 475 433 1379 756 9417
2 6 7 0 // 3 5 9 7 4 10 2 // 3 5 9 7 4 10 2
2 clickedStim 20 22 15 13 14 16 21 11
2 rts 10702 371 978 769 506 674 1482 1623
2 7 8 1 // 8 10 7 3 1 2 4 9 // 8 10 3 1 2 4 9
2 clickedStim 20 22 19 15 13 14 16 21 11
2 rts 3917 484 8107 983 4591 543 5737 1038 1490
2 7 8 1 // 7 6 8 5 1 3 2 4 // 8 10 7 3 1 2 4 9
