1 clickedStim 11 13 5
1 rts 1789 951 1372
1 0 2 0 // 5 7 // 5 7
2 clickedStim 11 14 5
2 rts 1541 665 1049
2 0 2 0 // 5 8 // 5 8
2 clickedStim 12 9 5
2 rts 1818 781 1157
2 0 2 0 // 6 3 // 6 3
2 clickedStim 11 12 14 6
2 rts 1637 621 861 1000
2 2 3 0 // 4 5 7 // 4 5 7
2 clickedStim 12 10 17 6
2 rts 1640 1002 913 1124
2 2 3 0 // 5 3 10 // 5 3 10
2 clickedStim 15 17 12 16 7
2 rts 2479 721 805 869 7877
2 3 4 0 // 7 9 4 8 // 7 9 4 8
2 clickedStim 9 16 11 14 7
2 rts 1541 962 1124 766 1698
2 3 4 0 // 1 8 3 6 // 1 8 3 6
2 clickedStim 16 13 17 18 14 8
2 rts 1296 777 776 876 797 3002
2 4 5 0 // 7 4 8 9 5 // 7 4 8 9 5
2 clickedStim 10 16 14 12 11 8
2 rts 1609 770 806 775 675 1353
2 4 5 0 // 1 7 5 3 2 // 1 7 5 3 2
2 clickedStim 14 15 18 16 19 12 9
2 rts 1426 803 724 767 3157 937 1555
2 5 6 0 // 4 5 8 6 9 2 // 4 5 8 6 9 2
2 clickedStim 20 14 15 18 17 16 9
2 rts 1702 1063 985 1184 1560 915 1402
2 5 6 0 // 10 4 5 8 7 6 // 10 4 5 8 7 6
2 clickedStim 19 14 15 21 17 16 13 10
2 rts 1507 1038 798 863 906 829 824 4365
2 6 7 0 // 8 3 4 10 6 5 2 // 8 3 4 10 6 5 2
2 clickedStim 15 16 18 13 14 19 20 10
2 rts 1794 840 807 1184 876 898 792 1607
2 6 7 0 // 4 5 7 2 3 8 9 // 4 5 7 2 3 8 9
2 clickedStim 20 17 18 13 22 15 21 16 11
2 rts 1563 682 762 1684 1173 937 2832 1014 1452
2 7 8 0 // 8 5 6 1 10 3 9 4 // 8 5 6 1 10 3 9 4
2 clickedStim 16 13 21 22 14 17 15 18 11
2 rts 2769 839 845 891 1450 775 2988 779 1275
2 7 8 0 // 4 1 9 10 2 5 3 6 // 4 1 9 10 2 5 3 6
2 clickedStim 23 18 14 17 16 15 20 21 22 12
2 rts 1928 819 759 923 1025 830 6481 803 634 1062
2 8 9 1 // 10 5 2 4 1 8 7 3 9 // 10 5 1 4 3 2 7 8 9
2 clickedStim 20 14 18 21 23 19 22 17 15 12
2 rts 3284 837 1006 2024 651 1030 2771 947 3049 1807
2 8 9 0 // 7 1 5 8 10 6 9 4 2 // 7 1 5 8 10 6 9 4 2
2 clickedStim 17 14 22 20 16 23 15 19 21 12
2 rts 3102 650 1016 1582 1319 1164 1720 800 1147 1528
2 8 9 0 // 4 1 9 7 3 10 2 6 8 // 4 1 9 7 3 10 2 6 8
