1 clickedStim 16 7 5
1 rts 5649 677 844
1 0 2 0 // 10 1 // 10 1
2 clickedStim 12 10 5
2 rts 1247 446 1073
2 0 2 0 // 6 4 // 6 4
2 clickedStim 8 15 5
2 rts 1504 675 759
2 0 2 0 // 2 9 // 2 9
2 clickedStim 10 12 9 6
2 rts 1106 515 451 744
2 2 3 0 // 3 5 2 // 3 5 2
2 clickedStim 13 17 12 6
2 rts 1305 658 1760 970
2 2 3 0 // 6 10 5 // 6 10 5
2 clickedStim 12 9 16 10 7
2 rts 1272 578 959 554 1144
2 3 4 0 // 4 1 8 2 // 4 1 8 2
2 clickedStim 14 15 12 11 7
2 rts 2226 688 509 761 927
2 3 4 0 // 6 7 4 3 // 6 7 4 3
2 clickedStim 15 10 19 18 16 8
2 rts 1360 893 800 681 1018 2861
2 4 5 0 // 6 1 10 9 7 // 6 1 10 9 7
2 clickedStim 19 11 16 10 18 8
2 rts 1120 502 569 493 648 721
2 4 5 0 // 10 2 7 1 9 // 10 2 7 1 9
2 clickedStim 19 15 13 17 11 20 9
2 rts 1088 569 986 651 506 614 618
2 5 6 0 // 9 5 3 7 1 10 // 9 5 3 7 1 10
2 clickedStim 17 19 12 13 15 14 9
2 rts 1331 637 637 508 425 390 1364
2 5 6 0 // 7 9 2 3 5 4 // 7 9 2 3 5 4
2 clickedStim 21 17 11 11 12 17 21 13 19 11 16 19 15 10
2 rts 1766 737 3073 266 1098 702 595 924 846 6180 838 396 370 907
2 6 7 1 // 1 6 10 5 8 2 4 // 1 6 10 2 5 8 4
2 clickedStim 15 12 21 13 20 14 18 10
2 rts 1669 320 572 1076 549 531 641 692
2 6 7 0 // 4 1 10 2 9 3 7 // 4 1 10 2 9 3 7
2 clickedStim 18 21 19 13 15 16 10
2 rts 1691 390 372 1167 547 387 1833
2 6 7 1 // 7 10 8 2 4 5 3 // 7 10 8 2 4 5
