1 clickedStim 8 10 5
1 rts 2094 838 1123
1 0 2 0 // 2 4 // 2 4
2 clickedStim 8 10 5
2 rts 1357 727 877
2 0 2 0 // 2 4 // 2 4
2 clickedStim 7 13 5
2 rts 1398 547 644
2 0 2 0 // 1 7 // 1 7
2 clickedStim 13 9 8 6
2 rts 1656 609 854 812
2 2 3 0 // 6 2 1 // 6 2 1
2 clickedStim 16 12 15 6
2 rts 1485 578 507 667
2 2 3 0 // 9 5 8 // 9 5 8
2 clickedStim 11 15 18 14 7
2 rts 1693 813 719 603 743
2 3 4 0 // 3 7 10 6 // 3 7 10 6
2 clickedStim 9 18 10 14 7
2 rts 1075 618 469 766 849
2 3 4 0 // 1 10 2 6 // 1 10 2 6
2 clickedStim 10 11 17 13 16 8
2 rts 1273 487 725 680 355 657
2 4 5 0 // 1 2 8 4 7 // 1 2 8 4 7
2 clickedStim 10 18 13 19 12 8
2 rts 1546 713 785 756 10760 1150
2 4 5 0 // 1 9 4 10 3 // 1 9 4 10 3
2 clickedStim 12 20 18 13 19 11 9
2 rts 2000 617 401 564 740 580 811
2 5 6 0 // 2 10 8 3 9 1 // 2 10 8 3 9 1
2 clickedStim 14 17 19 15 16 12 9
2 rts 1557 404 1025 961 654 494 788
2 5 6 0 // 4 7 9 5 6 2 // 4 7 9 5 6 2
2 clickedStim 16 15 20 12 14 18 17 10
2 rts 1629 522 3783 615 1071 661 853 1057
2 6 7 0 // 5 4 9 1 3 7 6 // 5 4 9 1 3 7 6
2 clickedStim 13 18 12 17 15 20 21 10
2 rts 1919 555 432 1224 681 680 756 854
2 6 7 0 // 2 7 1 6 4 9 10 // 2 7 1 6 4 9 10
2 clickedStim 21 15 19 14 22 13 17 20 11
2 rts 1876 530 597 1120 775 588 901 397 2439
2 7 8 0 // 9 3 7 2 10 1 5 8 // 9 3 7 2 10 1 5 8
2 clickedStim 18 17 13 21 15 16 19 20 11
2 rts 1547 634 530 791 464 510 441 610 799
2 7 8 0 // 6 5 1 9 3 4 7 8 // 6 5 1 9 3 4 7 8
2 clickedStim 17 20 18 14 15 21 23 16 12
2 rts 2744 503 1423 3608 739 4325 506 790 787
2 8 9 1 // 4 7 5 1 2 9 10 8 3 // 4 7 5 1 2 8 10 3
2 clickedStim 23 21 17 19 16 15 20 22 14 12
2 rts 1610 832 1746 698 432 551 664 822 822 1303
2 8 9 0 // 10 8 4 6 3 2 7 9 1 // 10 8 4 6 3 2 7 9 1
2 clickedStim 14 23 22 15 18 19 17 20 16 12
2 rts 1605 1085 638 511 476 531 534 456 563 703
2 8 9 0 // 1 10 9 2 5 6 4 7 3 // 1 10 9 2 5 6 4 7 3
