1 clickedStim 8 15 5
1 rts 3009 542 787
1 0 2 0 // 2 9 // 2 9
2 clickedStim 7 13 5
2 rts 1191 320 689
2 0 2 0 // 1 7 // 1 7
2 clickedStim 10 15 5
2 rts 1227 501 446
2 0 2 0 // 4 9 // 4 9
2 clickedStim 11 13 12 6
2 rts 1064 331 219 686
2 2 3 0 // 4 6 5 // 4 6 5
2 clickedStim 16 15 13 6
2 rts 1203 265 236 595
2 2 3 0 // 9 8 6 // 9 8 6
2 clickedStim 18 17 11 14 7
2 rts 903 328 469 414 615
2 3 4 0 // 10 9 3 6 // 10 9 3 6
2 clickedStim 15 16 8 8 12 16 15 10 7
2 rts 970 498 1673 422 2659 494 574 367 626
2 3 4 0 // 4 8 7 2 // 4 8 7 2
2 clickedStim 11 14 15 19 10 8
2 rts 970 362 1022 315 374 804
2 4 5 0 // 2 5 6 10 1 // 2 5 6 10 1
2 clickedStim 11 16 10 15 13 8
2 rts 1448 497 369 540 1265 1054
2 4 5 0 // 2 7 1 6 4 // 2 7 1 6 4
2 clickedStim 11 16 13 18 20 17 9
2 rts 947 640 256 374 262 321 675
2 5 6 0 // 1 6 3 8 10 7 // 1 6 3 8 10 7
2 clickedStim 14 15 19 12 20 11 9
2 rts 2775 318 588 419 521 445 718
2 5 6 0 // 4 5 9 2 10 1 // 4 5 9 2 10 1
2 clickedStim 14 12 19 17 15 18 13 10
2 rts 1319 406 490 275 366 197 331 558
2 6 7 0 // 3 1 8 6 4 7 2 // 3 1 8 6 4 7 2
2 clickedStim 19 21 12 18 20 13 17 10
2 rts 1231 624 468 551 816 512 327 501
2 6 7 0 // 8 10 1 7 9 2 6 // 8 10 1 7 9 2 6
2 clickedStim 14 22 20 17 21 18 13 16 11
2 rts 1117 425 466 453 707 100 404 198 2317
2 7 8 0 // 2 10 8 5 9 6 1 4 // 2 10 8 5 9 6 1 4
2 clickedStim 13 22 18 20 17 19 16 12 16 14 11
2 rts 1623 392 209 349 121 203 1238 1695 4016 4042 621
2 7 8 1 // 1 2 3 8 5 7 6 9 // 1 10 6 8 5 7 4 2
2 clickedStim 13 22 18 17 19 14 16 20 11
2 rts 1492 423 195 245 227 194 7772 258 654
2 7 8 1 // 1 10 6 5 7 2 8 9 // 1 10 6 5 7 2 4 8
