1 clickedStim 11 14 5
1 rts 1213 286 503
1 0 2 0 // 5 8 // 5 8
2 clickedStim 14 12 5
2 rts 1212 566 402
2 0 2 0 // 8 6 // 8 6
2 clickedStim 15 13 5
2 rts 980 394 1282
2 0 2 0 // 9 7 // 9 7
2 clickedStim 15 10 17 6
2 rts 671 741 587 567
2 2 3 0 // 8 3 10 // 8 3 10
2 clickedStim 17 13 16 6
2 rts 908 611 244 533
2 2 3 0 // 10 6 9 // 10 6 9
2 clickedStim 11 13 9 17 7
2 rts 889 699 439 827 678
2 3 4 0 // 3 5 1 9 // 3 5 1 9
2 clickedStim 17 9 18 12 7
2 rts 995 567 784 517 545
2 3 4 0 // 9 1 10 4 // 9 1 10 4
2 clickedStim 16 14 11 10 17 8
2 rts 871 419 304 446 360 616
2 4 5 0 // 7 5 2 1 8 // 7 5 2 1 8
2 clickedStim 11 13 19 18 14 8
2 rts 750 485 477 489 561 527
2 4 5 0 // 2 4 10 9 5 // 2 4 10 9 5
2 clickedStim 18 15 13 16 20 19 9
2 rts 883 496 441 343 479 442 704
2 5 6 0 // 8 5 3 6 10 9 // 8 5 3 6 10 9
2 clickedStim 13 15 19 18 14 11 9
2 rts 2795 518 457 450 869 411 565
2 5 6 1 // 3 5 9 4 8 1 // 3 5 9 8 4 1
2 clickedStim 14 15 11 17 20 19 9
2 rts 931 495 386 475 923 433 524
2 5 6 0 // 4 5 1 7 10 9 // 4 5 1 7 10 9
2 clickedStim 12 19 20 18 21 14 15 10
2 rts 990 592 583 399 476 745 553 554
2 6 7 0 // 1 8 9 7 10 3 4 // 1 8 9 7 10 3 4
2 clickedStim 14 15 13 20 17 12 19 10
2 rts 1701 544 564 457 281 473 562 704
2 6 7 1 // 3 2 4 9 6 1 8 // 3 4 2 9 6 1 8
2 clickedStim 14 19 16 15 12 21 13 10
2 rts 1528 735 289 1255 320 549 426 568
2 6 7 0 // 3 8 5 4 1 10 2 // 3 8 5 4 1 10 2
2 clickedStim 20 17 22 19 14 13 16 18 11
2 rts 766 292 420 463 505 399 235 592 565
2 7 8 0 // 8 5 10 7 2 1 4 6 // 8 5 10 7 2 1 4 6
2 clickedStim 19 17 18 20 14 15 16 13 11
2 rts 1303 441 428 422 931 571 375 302 561
2 7 8 1 // 7 5 6 8 2 4 3 1 // 7 5 6 8 2 3 4 1
2 clickedStim 16 13 15 20 14 18 21 19 11
2 rts 848 256 786 689 621 464 298 590 1185
2 7 8 0 // 4 1 3 8 2 6 9 7 // 4 1 3 8 2 6 9 7
2 clickedStim 19 16 15 20 14 17 22 23 18 12
2 rts 911 275 337 360 542 297 631 507 475 487
2 8 9 1 // 6 3 2 7 1 9 4 10 5 // 6 3 2 7 1 4 9 10 5
2 clickedStim 23 14 22 19 18 21 20 12
2 rts 1300 998 525 310 386 4309 791 595
2 8 9 1 // 10 9 6 1 8 5 7 3 2 // 10 1 9 6 5 8 7
