1 clickedStim 10 8 5
1 rts 1268 315 540
1 0 2 0 // 4 2 // 4 2
2 clickedStim 12 10 5
2 rts 1230 459 626
2 0 2 0 // 6 4 // 6 4
2 clickedStim 9 15 5
2 rts 1216 502 587
2 0 2 0 // 3 9 // 3 9
2 clickedStim 9 13 16 6
2 rts 1603 407 296 535
2 2 3 0 // 2 6 9 // 2 6 9
2 clickedStim 16 8 10 6
2 rts 936 459 496 727
2 2 3 0 // 9 1 3 // 9 1 3
2 clickedStim 16 17 13 11 7
2 rts 1262 315 416 339 678
2 3 4 0 // 8 9 5 3 // 8 9 5 3
2 clickedStim 16 17 13 10 7
2 rts 799 655 437 395 782
2 3 4 1 // 8 5 9 2 // 8 9 5 2
2 clickedStim 16 14 11 10 7
2 rts 1340 464 314 489 674
2 3 4 0 // 8 6 3 2 // 8 6 3 2
2 clickedStim 11 10 15 19 13 8
2 rts 1199 483 667 1146 619 504
2 4 5 0 // 2 1 6 10 4 // 2 1 6 10 4
2 clickedStim 16 10 19 14 18 8
2 rts 1130 368 384 435 423 816
2 4 5 0 // 7 1 10 5 9 // 7 1 10 5 9
2 clickedStim 11 13 15 18 14 12 9
2 rts 837 522 480 1682 483 250 697
2 5 6 0 // 1 3 5 8 4 2 // 1 3 5 8 4 2
2 clickedStim 13 18 12 14 20 16 9
2 rts 1625 1050 282 291 331 372 929
2 5 6 0 // 3 8 2 4 10 6 // 3 8 2 4 10 6
2 clickedStim 21 18 16 13 15 19 17 10
2 rts 2740 305 283 246 247 243 259 634
2 6 7 0 // 10 7 5 2 4 8 6 // 10 7 5 2 4 8 6
2 clickedStim 14 15 13 17 21 12 10
2 rts 2684 432 507 531 435 739 564
2 6 7 1 // 3 4 6 9 2 10 1 // 3 4 2 6 10 1
2 clickedStim 12 21 20 15 19 17 16 10
2 rts 1475 360 310 452 375 575 1964 455
2 6 7 0 // 1 10 9 4 8 6 5 // 1 10 9 4 8 6 5
2 clickedStim 21 22 14 19 18 17 20 15 11
2 rts 1178 1107 850 531 1916 713 1579 443 803
2 7 8 0 // 9 10 2 7 6 5 8 3 // 9 10 2 7 6 5 8 3
2 clickedStim 13 22 20 21 16 17 18 19 11
2 rts 1904 511 687 1913 691 407 1528 561 344
2 7 8 1 // 1 2 10 8 9 4 5 7 // 1 10 8 9 4 5 6 7
2 clickedStim 16 19 17 21 15 20 18 11
2 rts 2221 971 785 314 281 466 1332 539
2 7 8 1 // 4 7 8 5 3 9 2 6 // 4 7 5 9 3 8 6
