1 clickedStim 15 9 5
1 rts 1114 655 638
1 0 2 0 // 9 3 // 9 3
2 clickedStim 8 16 5
2 rts 1231 490 857
2 0 2 0 // 2 10 // 2 10
2 clickedStim 14 7 5
2 rts 1068 962 740
2 0 2 0 // 8 1 // 8 1
2 clickedStim 9 10 15 6
2 rts 1094 490 589 649
2 2 3 0 // 2 3 8 // 2 3 8
2 clickedStim 11 16 12 6
2 rts 982 646 567 569
2 2 3 0 // 4 9 5 // 4 9 5
2 clickedStim 15 18 14 13 7
2 rts 1183 706 487 340 1038
2 3 4 0 // 7 10 6 5 // 7 10 6 5
2 clickedStim 18 10 11 14 7
2 rts 613 495 721 439 555
2 3 4 0 // 10 2 3 6 // 10 2 3 6
2 clickedStim 17 18 15 16 19 -1 8
2 rts 556 249 289 1052 433 99999 44498
2 4 5 0 // 8 9 6 7 10 // 8 9 6 7 10
2 clickedStim 19 16 12 13 11 8
2 rts 535 688 614 1047 355 72919
2 4 5 0 // 10 7 3 4 2 // 10 7 3 4 2
2 clickedStim 15 14 13 20 18 12 9
2 rts 630 722 450 557 280 539 758
2 5 6 1 // 5 3 4 10 8 2 // 5 4 3 10 8 2
2 clickedStim 14 13 20 19 16 9
2 rts 814 1091 405 387 272 606
2 5 6 1 // 4 3 10 9 6 2 // 4 3 10 9 6
