1 clickedStim 9 12 5
1 rts 1663 622 742
1 0 2 0 // 3 6 // 3 6
2 clickedStim 8 13 5
2 rts 1649 689 743
2 0 2 0 // 2 7 // 2 7
2 clickedStim 15 9 5
2 rts 1487 569 842
2 0 2 0 // 9 3 // 9 3
2 clickedStim 14 17 9 6
2 rts 1511 592 709 1142
2 2 3 0 // 7 10 2 // 7 10 2
2 clickedStim 8 11 16 6
2 rts 1405 448 735 719
2 2 3 0 // 1 4 9 // 1 4 9
2 clickedStim 9 11 14 13 7
2 rts 1280 734 410 959 958
2 3 4 0 // 1 3 6 5 // 1 3 6 5
2 clickedStim 16 17 18 15 7
2 rts 1368 530 718 609 705
2 3 4 0 // 8 9 10 7 // 8 9 10 7
2 clickedStim 11 14 12 19 18 8
2 rts 1096 537 988 736 698 750
2 4 5 0 // 2 5 3 10 9 // 2 5 3 10 9
2 clickedStim 14 15 17 10 11 8
2 rts 1675 822 417 616 537 794
2 4 5 0 // 5 6 8 1 2 // 5 6 8 1 2
2 clickedStim 19 17 11 13 16 12 9
2 rts 1651 646 799 712 418 712 654
2 5 6 0 // 9 7 1 3 6 2 // 9 7 1 3 6 2
2 clickedStim 14 16 18 11 17 15 9
2 rts 886 774 630 594 514 601 894
2 5 6 0 // 4 6 8 1 7 5 // 4 6 8 1 7 5
2 clickedStim 12 21 14 13 15 18 16 10
2 rts 896 793 767 751 510 290 552 917
2 6 7 1 // 1 10 3 4 2 7 5 // 1 10 3 2 4 7 5
2 clickedStim 15 13 19 12 20 21 14 10
2 rts 981 814 623 597 1119 825 996 624
2 6 7 0 // 4 2 8 1 9 10 3 // 4 2 8 1 9 10 3
2 clickedStim 18 20 16 12 14 21 19 10
2 rts 707 718 654 656 838 761 312 592
2 6 7 0 // 7 9 5 1 3 10 8 // 7 9 5 1 3 10 8
2 clickedStim 15 19 14 17 13 18 21 22 11
2 rts 1537 760 550 545 574 608 486 355 497
2 7 8 0 // 3 7 2 5 1 6 9 10 // 3 7 2 5 1 6 9 10
2 clickedStim 18 15 19 14 13 17 21 16 11
2 rts 1305 510 1413 609 541 1021 495 449 711
2 7 8 1 // 6 3 7 2 1 9 5 4 // 6 3 7 2 1 5 9 4
2 clickedStim 13 14 19 15 16 21 20 17 11
2 rts 759 407 504 598 1820 657 289 240 670
2 7 8 0 // 1 2 7 3 4 9 8 5 // 1 2 7 3 4 9 8 5
2 clickedStim 15 23 19 16 18 22 20 21 14 12
2 rts 1025 681 544 321 433 697 814 1007 647 854
2 8 9 1 // 2 10 6 3 5 7 1 9 8 // 2 10 6 3 5 9 7 8 1
2 clickedStim 17 16 19 20 15 18 23 21 22 12
2 rts 941 1004 801 633 1317 1549 352 262 519 609
2 8 9 1 // 4 3 2 7 6 9 8 1 10 // 4 3 6 7 2 5 10 8 9
