1 clickedStim 8 9 5
1 rts 1513 1497 948
1 0 2 0 // 2 3 // 2 3
2 clickedStim 14 11 5
2 rts 1450 478 847
2 0 2 0 // 8 5 // 8 5
2 clickedStim 12 7 5
2 rts 1024 619 2180
2 0 2 0 // 6 1 // 6 1
2 clickedStim 9 14 17 6
2 rts 1184 1037 649 917
2 2 3 0 // 2 7 10 // 2 7 10
2 clickedStim 10 14 9 6
2 rts 1581 789 659 1457
2 2 3 0 // 3 7 2 // 3 7 2
2 clickedStim 9 11 12 18 7
2 rts 1873 1288 2109 748 2250
2 3 4 0 // 1 3 4 10 // 1 3 4 10
2 clickedStim 16 10 18 13 7
2 rts 1313 696 840 818 3758
2 3 4 0 // 8 2 10 5 // 8 2 10 5
2 clickedStim 16 10 14 13 15 8
2 rts 1513 809 768 819 1998 5641
2 4 5 0 // 7 1 5 4 6 // 7 1 5 4 6
2 clickedStim 16 10 18 12 14 8
2 rts 1764 768 1258 838 719 4989
2 4 5 0 // 7 1 9 3 5 // 7 1 9 3 5
2 clickedStim 14 16 13 15 19 18 9
2 rts 2501 799 619 609 907 1580 3781
2 5 6 0 // 4 6 3 5 9 8 // 4 6 3 5 9 8
2 clickedStim 13 19 20 18 14 15 9
2 rts 1323 689 1009 548 617 1281 1227
2 5 6 0 // 3 9 10 8 4 5 // 3 9 10 8 4 5
2 clickedStim 18 16 21 17 12 19 14 10
2 rts 2283 679 1258 929 918 998 1020 13240
2 6 7 0 // 7 5 10 6 1 8 3 // 7 5 10 6 1 8 3
2 clickedStim 19 21 17 14 13 16 20 10
2 rts 1693 1738 899 899 659 1668 649 1308
2 6 7 0 // 8 10 6 3 2 5 9 // 8 10 6 3 2 5 9
2 clickedStim 13 19 17 15 16 22 18 14 11
2 rts 2160 1009 821 1117 838 799 890 1557 1049
2 7 8 0 // 1 7 5 3 4 10 6 2 // 1 7 5 3 4 10 6 2
2 clickedStim 14 19 13 20 21 17 18 15 11
2 rts 2713 829 879 937 860 799 749 379 1298
2 7 8 0 // 2 7 1 8 9 5 6 3 // 2 7 1 8 9 5 6 3
2 clickedStim 21 18 15 20 22 14 16 19 17 12
2 rts 1930 538 1178 728 698 958 709 558 708 1559
2 8 9 0 // 8 5 2 7 9 1 3 6 4 // 8 5 2 7 9 1 3 6 4
2 clickedStim 16 23 15 21 14 20 19 17 22 12
2 rts 2812 648 678 578 878 669 638 658 1216 809
2 8 9 0 // 3 10 2 8 1 7 6 4 9 // 3 10 2 8 1 7 6 4 9
