1 clickedStim 7 14 5
1 rts 1798 925 797
1 0 2 0 // 1 8 // 1 8
2 clickedStim 12 11 5
2 rts 1381 173 466
2 0 2 0 // 6 5 // 6 5
2 clickedStim 14 11 5
2 rts 1183 129 430
2 0 2 0 // 8 5 // 8 5
2 clickedStim 9 11 10 6
2 rts 1187 231 326 533
2 2 3 0 // 2 4 3 // 2 4 3
2 clickedStim 11 17 14 6
2 rts 1211 452 1972 584
2 2 3 0 // 4 10 7 // 4 10 7
2 clickedStim 11 13 15 9 7
2 rts 1189 271 290 196 572
2 3 4 0 // 3 5 7 1 // 3 5 7 1
2 clickedStim 15 11 18 17 7
2 rts 1651 407 507 194 466
2 3 4 0 // 7 3 10 9 // 7 3 10 9
2 clickedStim 13 17 19 10 15 8
2 rts 1293 789 211 412 532 490
2 4 5 0 // 4 8 10 1 6 // 4 8 10 1 6
2 clickedStim 15 19 14 10 11 8
2 rts 1309 280 302 295 156 494
2 4 5 0 // 6 10 5 1 2 // 6 10 5 1 2
2 clickedStim 12 15 18 20 14 9
2 rts 1771 156 264 154 437 473
2 5 6 1 // 3 2 5 8 10 4 // 2 5 8 10 4
2 clickedStim 20 15 11 16 19 13 9
2 rts 861 380 457 503 167 173 591
2 5 6 0 // 10 5 1 6 9 3 // 10 5 1 6 9 3
2 clickedStim 13 16 19 20 14 12 9
2 rts 1226 148 146 246 365 141 502
2 5 6 0 // 3 6 9 10 4 2 // 3 6 9 10 4 2
2 clickedStim 14 15 13 17 20 10
2 rts 1240 408 268 585 1691 1068
2 6 7 1 // 3 4 2 6 9 5 8 // 3 4 2 6 9
2 clickedStim 12 14 13 18 15 16 21 10
2 rts 1395 365 179 547 779 171 226 461
2 6 7 0 // 1 3 2 7 4 5 10 // 1 3 2 7 4 5 10
2 clickedStim 20 19 13 12 21 10
2 rts 2515 272 289 278 1005 380
2 6 7 1 // 9 8 2 1 7 3 10 // 9 8 2 1 10
