1 clickedStim 16 12 5
1 rts 1443 793 1290
1 0 2 0 // 10 6 // 10 6
2 clickedStim 15 7 5
2 rts 1548 813 1091
2 0 2 0 // 9 1 // 9 1
2 clickedStim 8 10 5
2 rts 1265 659 890
2 0 2 0 // 2 4 // 2 4
2 clickedStim 11 12 8 6
2 rts 1464 625 696 919
2 2 3 0 // 4 5 1 // 4 5 1
2 clickedStim 11 10 13 6
2 rts 1182 684 561 875
2 2 3 0 // 4 3 6 // 4 3 6
2 clickedStim 18 12 17 14 7
2 rts 1070 513 622 507 967
2 3 4 0 // 10 4 9 6 // 10 4 9 6
2 clickedStim 14 9 16 11 7
2 rts 1289 785 624 630 849
2 3 4 0 // 6 1 8 3 // 6 1 8 3
2 clickedStim 16 11 10 17 18 8
2 rts 909 532 544 544 572 838
2 4 5 0 // 7 2 1 8 9 // 7 2 1 8 9
2 clickedStim 13 12 10 15 19 8
2 rts 1504 922 592 577 631 797
2 4 5 1 // 4 1 3 6 10 // 4 3 1 6 10
2 clickedStim 13 12 18 10 11 8
2 rts 1071 599 677 654 504 782
2 4 5 0 // 4 3 9 1 2 // 4 3 9 1 2
2 clickedStim 19 16 13 20 11 12 9
2 rts 1079 371 334 807 730 478 668
2 5 6 1 // 9 6 3 10 4 2 // 9 6 3 10 1 2
2 clickedStim 13 19 12 11 20 9
2 rts 1215 606 1081 385 703 1502
2 5 6 1 // 3 9 4 2 1 7 // 3 9 2 1 10
