1 clickedStim 9 15 5
1 rts 1680 598 663
1 0 2 0 // 3 9 // 3 9
2 clickedStim 12 9 5
2 rts 1743 548 1096
2 0 2 0 // 6 3 // 6 3
2 clickedStim 11 14 5
2 rts 1228 556 688
2 0 2 0 // 5 8 // 5 8
2 clickedStim 13 17 15 6
2 rts 1119 460 322 691
2 2 3 0 // 6 10 8 // 6 10 8
2 clickedStim 10 13 14 6
2 rts 1274 1061 582 994
2 2 3 0 // 3 6 7 // 3 6 7
2 clickedStim 18 17 14 13 7
2 rts 803 609 1536 463 913
2 3 4 0 // 10 9 6 5 // 10 9 6 5
2 clickedStim 18 10 15 9 7
2 rts 822 690 459 703 1088
2 3 4 0 // 10 2 7 1 // 10 2 7 1
2 clickedStim 14 12 16 13 17 8
2 rts 1157 643 763 679 609 913
2 4 5 0 // 5 3 7 4 8 // 5 3 7 4 8
2 clickedStim 10 15 17 12 16 8
2 rts 1704 874 608 469 762 535
2 4 5 0 // 1 6 8 3 7 // 1 6 8 3 7
2 clickedStim 14 20 13 18 11 19 9
2 rts 1060 561 694 452 613 486 764
2 5 6 0 // 4 10 3 8 1 9 // 4 10 3 8 1 9
2 clickedStim 12 11 15 13 19 16 9
2 rts 995 505 587 482 641 352 806
2 5 6 0 // 2 1 5 3 9 6 // 2 1 5 3 9 6
2 clickedStim 16 17 19 13 12 21 20 10
2 rts 1677 362 1099 546 606 508 802 722
2 6 7 0 // 5 6 8 2 1 10 9 // 5 6 8 2 1 10 9
2 clickedStim 16 13 17 19 20 21 14 10
2 rts 2434 314 461 435 518 367 1000 808
2 6 7 0 // 5 2 6 8 9 10 3 // 5 2 6 8 9 10 3
2 clickedStim 20 22 13 14 21 17 16 15 11
2 rts 839 274 729 344 551 430 533 625 814
2 7 8 0 // 8 10 1 2 9 5 4 3 // 8 10 1 2 9 5 4 3
2 clickedStim 15 21 17 18 13 20 19 14 11
2 rts 754 446 452 358 493 470 950 608 1119
2 7 8 0 // 3 9 5 6 1 8 7 2 // 3 9 5 6 1 8 7 2
2 clickedStim 19 22 20 18 21 23 17 15 16 12
2 rts 1459 622 1253 393 785 271 510 725 878 839
2 8 9 1 // 6 9 7 5 4 10 2 8 3 // 6 9 7 5 8 10 4 2 3
2 clickedStim 17 22 20 19 14 21 16 18 23 12
2 rts 1566 422 598 426 715 512 2301 829 520 736
2 8 9 1 // 4 9 7 6 1 8 2 5 10 // 4 9 7 6 1 8 3 5 10
