1 clickedStim 16 7 5
1 rts 1011 482 562
1 0 2 0 // 10 1 // 10 1
2 clickedStim 8 16 5
2 rts 1154 485 465
2 0 2 0 // 2 10 // 2 10
2 clickedStim 12 15 5
2 rts 1102 233 375
2 0 2 0 // 6 9 // 6 9
2 clickedStim 10 11 13 6
2 rts 1154 421 394 612
2 2 3 0 // 3 4 6 // 3 4 6
2 clickedStim 16 17 10 6
2 rts 870 339 370 669
2 2 3 0 // 9 10 3 // 9 10 3
2 clickedStim 18 12 10 13 7
2 rts 665 471 602 530 692
2 3 4 0 // 10 4 2 5 // 10 4 2 5
2 clickedStim 17 14 10 16 7
2 rts 1408 249 598 430 1053
2 3 4 0 // 9 6 2 8 // 9 6 2 8
2 clickedStim 18 16 13 15 17 8
2 rts 924 468 638 647 524 429
2 4 5 0 // 9 7 4 6 8 // 9 7 4 6 8
2 clickedStim 11 17 10 19 15 8
2 rts 744 321 470 562 465 555
2 4 5 0 // 2 8 1 10 6 // 2 8 1 10 6
2 clickedStim 13 11 16 14 15 12 9
2 rts 1289 371 475 477 401 578 689
2 5 6 0 // 3 1 6 4 5 2 // 3 1 6 4 5 2
2 clickedStim 12 16 14 11 17 19 9
2 rts 765 352 394 490 316 548 661
2 5 6 0 // 2 6 4 1 7 9 // 2 6 4 1 7 9
2 clickedStim 15 17 14 13 21 16 19 10
2 rts 790 391 293 321 502 344 264 548
2 6 7 0 // 4 6 3 2 10 5 8 // 4 6 3 2 10 5 8
2 clickedStim 19 13 16 15 20 12 21 10
2 rts 855 372 303 362 514 365 428 817
2 6 7 0 // 8 2 5 4 9 1 10 // 8 2 5 4 9 1 10
2 clickedStim 22 14 13 21 16 15 17 19 11
2 rts 912 369 333 524 351 425 981 1179 503
2 7 8 0 // 10 2 1 9 4 3 5 7 // 10 2 1 9 4 3 5 7
2 clickedStim 18 15 21 14 16 22 13 20 11
2 rts 1034 421 445 444 1189 1091 755 363 390
2 7 8 0 // 6 3 9 2 4 10 1 8 // 6 3 9 2 4 10 1 8
2 clickedStim 15 14 16 21 17 18 22 19 20 12
2 rts 1432 327 473 575 307 3847 1427 389 559 461
2 8 9 1 // 2 1 8 3 4 9 5 6 7 // 2 1 3 8 4 5 9 6 7
2 clickedStim 18 20 19 13 15 19 23 14 16 22 12
2 rts 1618 417 1135 2060 746 467 385 1853 365 343 400
2 8 9 1 // 5 7 8 2 10 6 1 3 9 // 5 7 2 6 10 1 3 9
