1 clickedStim 10 11 5
1 rts 3070 970 943
1 0 2 0 // 4 5 // 4 5
2 clickedStim 10 14 5
2 rts 1026 643 710
2 0 2 0 // 4 8 // 4 8
2 clickedStim 15 14 5
2 rts 1312 310 887
2 0 2 0 // 9 8 // 9 8
2 clickedStim 9 15 11 6
2 rts 1710 21 463 748
2 2 3 0 // 2 8 4 // 2 8 4
2 clickedStim 14 8 13 6
2 rts 1457 266 458 499
2 2 3 0 // 7 1 6 // 7 1 6
2 clickedStim 18 11 14 8 13 14 7
2 rts 1144 483 450 1923 2374 1429 761
2 3 4 0 // 10 3 5 6 // 10 3 5 6
2 clickedStim 16 13 14 12 7
2 rts 1717 184 296 234 631
2 3 4 0 // 8 5 6 4 // 8 5 6 4
2 clickedStim 15 16 19 18 13 8
2 rts 1176 643 172 817 511 609
2 4 5 1 // 6 7 10 4 9 // 6 7 10 9 4
2 clickedStim 15 16 17 12 8
2 rts 2077 307 518 307 1840
2 4 5 1 // 6 7 3 8 9 // 6 7 8 3
