1 clickedStim 10 7 5
1 rts 3940 769 1569
1 0 2 0 // 4 1 // 4 1
2 clickedStim 11 14 5
2 rts 1692 709 1436
2 0 2 0 // 5 8 // 5 8
2 clickedStim 7 8 5
2 rts 1644 754 1174
2 0 2 0 // 1 2 // 1 2
2 clickedStim 16 8 15 6
2 rts 1858 1226 1166 1483
2 2 3 0 // 9 1 8 // 9 1 8
2 clickedStim 14 8 12 6
2 rts 2352 1065 815 1063
2 2 3 0 // 7 1 5 // 7 1 5
2 clickedStim 13 16 15 18 7
2 rts 1686 846 1102 861 1073
2 3 4 0 // 5 8 7 10 // 5 8 7 10
2 clickedStim 11 12 18 10 7
2 rts 1580 1106 1049 1155 1841
2 3 4 0 // 3 4 10 2 // 3 4 10 2
2 clickedStim 17 14 13 16 12 8
2 rts 1969 878 1314 848 1317 899
2 4 5 1 // 8 5 4 3 7 // 8 5 4 7 3
2 clickedStim 11 10 14 19 12 8
2 rts 2585 1432 1286 803 1111 1043
2 4 5 1 // 2 1 10 5 3 // 2 1 5 10 3
