1 clickedStim 14 11 5
1 rts 1556 392 952
1 0 2 0 // 8 5 // 8 5
2 clickedStim 9 13 5
2 rts 1228 913 1012
2 0 2 0 // 3 7 // 3 7
2 clickedStim 9 12 5
2 rts 1412 518 946
2 0 2 0 // 3 6 // 3 6
2 clickedStim 9 8 13 6
2 rts 1344 695 910 816
2 2 3 0 // 2 1 6 // 2 1 6
2 clickedStim 9 14 11 6
2 rts 1289 708 536 4080
2 2 3 0 // 2 7 4 // 2 7 4
2 clickedStim 10 9 14 18 7
2 rts 1501 591 765 605 799
2 3 4 0 // 2 1 6 10 // 2 1 6 10
2 clickedStim 9 10 16 17 7
2 rts 1236 619 593 598 729
2 3 4 0 // 1 2 8 9 // 1 2 8 9
2 clickedStim 12 14 18 15 16 8
2 rts 1238 591 610 502 625 641
2 4 5 0 // 3 5 9 6 7 // 3 5 9 6 7
2 clickedStim 15 12 11 10 17 8
2 rts 944 364 547 633 578 830
2 4 5 0 // 6 3 2 1 8 // 6 3 2 1 8
2 clickedStim 13 17 11 20 15 19 9
2 rts 1048 701 607 642 579 640 728
2 5 6 0 // 3 7 1 10 5 9 // 3 7 1 10 5 9
2 clickedStim 11 17 14 15 13 16 9
2 rts 999 456 480 529 641 504 638
2 5 6 0 // 1 7 4 5 3 6 // 1 7 4 5 3 6
2 clickedStim 14 18 13 12 21 19 20 10
2 rts 1350 797 682 635 776 344 1014 683
2 6 7 1 // 3 7 2 8 1 10 9 // 3 7 2 1 10 8 9
2 clickedStim 13 21 16 20 19 18 17 10
2 rts 1441 948 833 756 651 695 747 897
2 6 7 1 // 2 10 7 5 9 8 6 // 2 10 5 9 8 7 6
