1 clickedStim 13 9 5
1 rts 1444 879 911
1 0 2 0 // 7 3 // 7 3
2 clickedStim 8 12 5
2 rts 1241 1119 1120
2 0 2 0 // 2 6 // 2 6
2 clickedStim 13 8 5
2 rts 1054 514 1671
2 0 2 0 // 7 2 // 7 2
2 clickedStim 9 13 8 6
2 rts 1146 486 1264 1329
2 2 3 0 // 2 6 1 // 2 6 1
2 clickedStim 17 12 15 6
2 rts 965 551 409 948
2 2 3 0 // 10 5 8 // 10 5 8
2 clickedStim 13 16 17 10 7
2 rts 883 351 409 621 1223
2 3 4 0 // 5 8 9 2 // 5 8 9 2
2 clickedStim 9 13 16 14 7
2 rts 1923 712 504 664 747
2 3 4 0 // 1 5 8 6 // 1 5 8 6
2 clickedStim 12 11 10 13 17 8
2 rts 1519 552 600 529 969 1494
2 4 5 0 // 3 2 1 4 8 // 3 2 1 4 8
2 clickedStim 11 18 15 12 14 8
2 rts 1059 724 450 511 435 923
2 4 5 0 // 2 9 6 3 5 // 2 9 6 3 5
2 clickedStim 14 17 13 20 18 19 9
2 rts 1234 429 822 1040 688 570 968
2 5 6 0 // 4 7 3 10 8 9 // 4 7 3 10 8 9
2 clickedStim 11 20 14 15 18 13 9
2 rts 1688 800 528 459 416 496 929
2 5 6 1 // 1 10 5 4 8 3 // 1 10 4 5 8 3
2 clickedStim 13 16 20 15 11 14 9
2 rts 1989 517 836 867 504 563 538
2 5 6 0 // 3 6 10 5 1 4 // 3 6 10 5 1 4
2 clickedStim 17 18 16 14 13 12 15 10
2 rts 1319 946 513 452 495 503 1265 2004
2 6 7 0 // 6 7 5 3 2 1 4 // 6 7 5 3 2 1 4
2 clickedStim 19 14 13 16 17 21 20 10
2 rts 2006 760 490 535 366 488 491 478
2 6 7 0 // 8 3 2 5 6 10 9 // 8 3 2 5 6 10 9
2 clickedStim 19 17 13 18 14 22 16 11
2 rts 1715 687 531 922 1441 527 644 751
2 7 8 1 // 7 9 1 5 6 10 4 2 // 7 5 1 6 2 10 4
2 clickedStim 18 14 17 22 20 19 16 11
2 rts 1118 663 337 751 543 666 857 683
2 7 8 1 // 6 2 5 10 8 7 4 9 // 6 2 5 10 8 7 4
