1 clickedStim 8 11 5
1 rts 5292 782 1527
1 0 2 0 // 2 5 // 2 5
2 clickedStim 8 10 5
2 rts 3789 820 1037
2 0 2 0 // 2 4 // 2 4
2 clickedStim 8 10 5
2 rts 1430 768 1127
2 0 2 0 // 2 4 // 2 4
2 clickedStim 14 12 17 6
2 rts 1556 788 678 1069
2 2 3 0 // 7 5 10 // 7 5 10
2 clickedStim 12 15 16 6
2 rts 1293 540 1255 860
2 2 3 0 // 5 8 9 // 5 8 9
2 clickedStim 17 16 13 18 7
2 rts 1292 636 564 692 725
2 3 4 0 // 9 8 5 10 // 9 8 5 10
2 clickedStim 13 15 14 17 7
2 rts 1196 791 925 645 1681
2 3 4 0 // 5 7 6 9 // 5 7 6 9
2 clickedStim 12 10 13 11 15 8
2 rts 1358 768 567 1690 723 1104
2 4 5 0 // 3 1 4 2 6 // 3 1 4 2 6
2 clickedStim 11 16 17 14 18 8
2 rts 1381 822 765 983 1453 900
2 4 5 0 // 2 7 8 5 9 // 2 7 8 5 9
2 clickedStim 12 11 14 16 18 19 9
2 rts 1311 676 583 982 652 679 1110
2 5 6 0 // 2 1 4 6 8 9 // 2 1 4 6 8 9
2 clickedStim 15 16 12 20 17 14 9
2 rts 1266 611 756 749 736 651 798
2 5 6 0 // 5 6 2 10 7 4 // 5 6 2 10 7 4
2 clickedStim 14 17 21 16 18 15 10
2 rts 1380 724 933 853 726 2143 2795
2 6 7 1 // 3 6 9 5 7 10 4 // 3 6 10 5 7 4
2 clickedStim 21 16 13 12 17 19 15 10
2 rts 1648 739 596 821 808 723 852 1146
2 6 7 0 // 10 5 2 1 6 8 4 // 10 5 2 1 6 8 4
2 clickedStim 16 20 14 12 18 15 19 10
2 rts 2021 709 779 830 1166 633 684 750
2 6 7 0 // 5 9 3 1 7 4 8 // 5 9 3 1 7 4 8
2 clickedStim 15 19 18 20 16 17 22 13 11
2 rts 2068 928 1971 793 877 1876 641 852 885
2 7 8 0 // 3 7 6 8 4 5 10 1 // 3 7 6 8 4 5 10 1
2 clickedStim 18 13 15 19 16 22 20 11
2 rts 1507 786 863 877 764 960 2126 1229
2 7 8 1 // 6 1 3 7 4 10 2 8 // 6 1 3 7 4 10 8
2 clickedStim 13 19 15 16 22 21 20 11
2 rts 1820 906 833 795 893 1136 692 1131
2 7 8 1 // 1 2 3 4 10 7 9 8 // 1 7 3 4 10 9 8
