1 clickedStim 11 16 5
1 rts 1770 548 815
1 0 2 0 // 5 10 // 5 10
2 clickedStim 11 14 5
2 rts 1124 582 765
2 0 2 0 // 5 8 // 5 8
2 clickedStim 12 8 5
2 rts 1187 631 881
2 0 2 0 // 6 2 // 6 2
2 clickedStim 14 9 10 6
2 rts 1688 481 398 848
2 2 3 0 // 7 2 3 // 7 2 3
2 clickedStim 14 8 13 6
2 rts 1172 682 715 598
2 2 3 0 // 7 1 6 // 7 1 6
2 clickedStim 14 9 18 15 7
2 rts 971 531 782 564 733
2 3 4 0 // 6 1 10 7 // 6 1 10 7
2 clickedStim 13 10 18 11 7
2 rts 836 482 582 1147 765
2 3 4 0 // 5 2 10 3 // 5 2 10 3
2 clickedStim 15 14 19 10 17 8
2 rts 901 498 599 599 566 731
2 4 5 0 // 6 5 10 1 8 // 6 5 10 1 8
2 clickedStim 10 14 11 15 13 8
2 rts 1118 515 449 599 564 5016
2 4 5 0 // 1 5 2 6 4 // 1 5 2 6 4
2 clickedStim 18 11 13 14 19 16 9
2 rts 1466 497 915 582 965 448 1347
2 5 6 0 // 8 1 3 4 9 6 // 8 1 3 4 9 6
2 clickedStim 19 11 17 18 20 13 9
2 rts 998 631 565 480 532 749 715
2 5 6 0 // 9 1 7 8 10 3 // 9 1 7 8 10 3
2 clickedStim 20 13 21 19 11 11 19 21 18 17 16 10
2 rts 1098 582 632 548 3182 431 949 598 497 532 765 565
2 6 7 1 // 9 2 8 7 10 6 5 // 9 2 8 10 7 6 5
2 clickedStim 15 18 20 13 21 16 14 10
2 rts 1282 364 565 532 565 515 1682 1364
2 6 7 1 // 4 7 9 10 5 2 3 // 4 7 9 2 10 5 3
