1 clickedStim 13 9 5
1 rts 1315 719 615
1 0 2 0 // 7 3 // 7 3
2 clickedStim 16 10 5
2 rts 976 529 546
2 0 2 0 // 10 4 // 10 4
2 clickedStim 10 11 5
2 rts 1296 366 664
2 0 2 0 // 4 5 // 4 5
2 clickedStim 16 13 17 6
2 rts 826 300 556 567
2 2 3 0 // 9 6 10 // 9 6 10
2 clickedStim 12 13 14 6
2 rts 1089 663 527 616
2 2 3 0 // 5 6 7 // 5 6 7
2 clickedStim 12 9 16 8 18 16 7
2 rts 914 420 552 1399 586 200 551
2 3 4 0 // 4 1 10 8 // 4 1 10 8
2 clickedStim 15 11 13 14 7
2 rts 1144 641 429 319 1022
2 3 4 0 // 7 3 5 6 // 7 3 5 6
2 clickedStim 15 10 14 11 16 8
2 rts 1184 588 419 329 396 611
2 4 5 0 // 6 1 5 2 7 // 6 1 5 2 7
2 clickedStim 11 16 14 13 10 8
2 rts 1809 609 547 457 402 1205
2 4 5 0 // 2 7 5 4 1 // 2 7 5 4 1
2 clickedStim 13 11 12 15 18 17 9
2 rts 1107 489 397 354 439 435 645
2 5 6 0 // 3 1 2 5 8 7 // 3 1 2 5 8 7
2 clickedStim 13 20 15 12 16 19 9
2 rts 1497 444 405 251 315 217 479
2 5 6 0 // 3 10 5 2 6 9 // 3 10 5 2 6 9
2 clickedStim 17 12 15 13 20 18 14 10
2 rts 1225 445 283 429 609 1072 464 584
2 6 7 1 // 6 1 4 2 9 8 3 // 6 1 4 2 9 7 3
2 clickedStim 18 12 15 17 14 21 19 10
2 rts 1516 378 1335 582 708 2015 254 529
2 6 7 1 // 7 1 4 6 3 8 10 // 7 1 4 6 3 10 8
