1 clickedStim 9 15 5
1 rts 1873 409 673
1 0 2 0 // 3 9 // 3 9
2 clickedStim 15 10 5
2 rts 1209 376 615
2 0 2 0 // 9 4 // 9 4
2 clickedStim 15 12 5
2 rts 949 132 1501
2 0 2 0 // 9 6 // 9 6
2 clickedStim 15 8 12 6
2 rts 796 1162 690 607
2 2 3 0 // 8 1 5 // 8 1 5
2 clickedStim 12 16 17 6
2 rts 784 284 249 428
2 2 3 0 // 5 9 10 // 5 9 10
2 clickedStim 12 10 17 13 7
2 rts 688 167 464 454 472
2 3 4 0 // 4 2 9 5 // 4 2 9 5
2 clickedStim 11 12 10 9 7
2 rts 933 268 108 146 502
2 3 4 0 // 3 4 2 1 // 3 4 2 1
2 clickedStim 16 17 14 12 11 8
2 rts 849 334 202 115 112 413
2 4 5 0 // 7 8 5 3 2 // 7 8 5 3 2
2 clickedStim 19 11 18 17 14 8
2 rts 613 292 267 102 93 390
2 4 5 0 // 10 2 9 8 5 // 10 2 9 8 5
2 clickedStim 20 11 15 12 19 9
2 rts 764 372 660 151 237 2549
2 5 6 1 // 10 1 5 2 9 7 // 10 1 5 2 9
2 clickedStim 12 16 11 15 19 9
2 rts 943 724 390 144 170 338
2 5 6 1 // 2 6 3 1 5 9 // 2 6 1 5 9
