1 clickedStim 11 9 5
1 rts 3345 1736 1223
1 0 2 0 // 5 3 // 5 3
2 clickedStim 15 14 5
2 rts 1485 2043 2100
2 0 2 0 // 9 8 // 9 8
2 clickedStim 14 15 5
2 rts 1286 1206 1052
2 0 2 0 // 8 9 // 8 9
2 clickedStim 9 12 8 6
2 rts 1812 1440 1014 1401
2 2 3 0 // 2 5 1 // 2 5 1
2 clickedStim 13 14 8 6
2 rts 1441 1341 1457 1535
2 2 3 0 // 6 7 1 // 6 7 1
2 clickedStim 11 18 15 10 7
2 rts 1761 1387 810 1121 1769
2 3 4 0 // 3 10 7 2 // 3 10 7 2
2 clickedStim 12 13 18 17 7
2 rts 1855 1387 903 880 1098
2 3 4 0 // 4 5 10 9 // 4 5 10 9
2 clickedStim 10 16 12 13 14 8
2 rts 1723 1683 1985 1184 732 1348
2 4 5 0 // 1 7 3 4 5 // 1 7 3 4 5
2 clickedStim 16 9 18 16 17 19 11 8
2 rts 1637 2556 1806 881 1550 802 1005 1962
2 4 5 0 // 9 7 8 10 2 // 9 7 8 10 2
2 clickedStim 20 12 15 17 16 18 9
2 rts 906 1263 958 903 1146 1034 1932
2 5 6 1 // 10 2 5 7 8 6 // 10 2 5 7 6 8
2 clickedStim 16 17 11 14 18 19 9
2 rts 1734 819 1129 912 848 924 1919
2 5 6 0 // 6 7 1 4 8 9 // 6 7 1 4 8 9
2 clickedStim 13 18 14 20 17 11 9
2 rts 2186 972 1550 988 1031 1136 2890
2 5 6 1 // 3 8 10 7 4 1 // 3 8 4 10 7 1
