1 clickedStim 14 11 5
1 rts 1742 699 1458
1 0 2 0 // 8 5 // 8 5
2 clickedStim 14 13 5
2 rts 1879 923 656
2 0 2 0 // 8 7 // 8 7
2 clickedStim 12 9 5
2 rts 1339 355 602
2 0 2 0 // 6 3 // 6 3
2 clickedStim 11 13 16 6
2 rts 1280 594 459 672
2 2 3 0 // 4 6 9 // 4 6 9
2 clickedStim 12 10 14 6
2 rts 1249 544 715 784
2 2 3 0 // 5 3 7 // 5 3 7
2 clickedStim 13 11 10 7
2 rts 1304 589 580 663
2 3 4 1 // 9 6 2 7 // 5 3 2
2 clickedStim 12 9 16 15 7
2 rts 1296 370 641 394 596
2 3 4 0 // 4 1 8 7 // 4 1 8 7
2 clickedStim 15 17 13 12 7
2 rts 1082 608 538 459 521
2 3 4 0 // 7 9 5 4 // 7 9 5 4
2 clickedStim 13 18 11 19 14 8
2 rts 2144 571 687 633 619 699
2 4 5 0 // 4 9 2 10 5 // 4 9 2 10 5
2 clickedStim 18 14 16 11 15 8
2 rts 1861 520 580 401 483 628
2 4 5 0 // 9 5 7 2 6 // 9 5 7 2 6
2 clickedStim 12 17 19 16 15 13 9
2 rts 1296 543 632 319 512 423 596
2 5 6 0 // 2 7 9 6 5 3 // 2 7 9 6 5 3
2 clickedStim 19 17 14 16 15 18 9
2 rts 1816 618 1673 596 589 386 712
2 5 6 0 // 9 7 4 6 5 8 // 9 7 4 6 5 8
2 clickedStim 14 17 18 20 13 15 19 10
2 rts 2577 414 694 558 761 468 482 1285
2 6 7 0 // 3 6 7 9 2 4 8 // 3 6 7 9 2 4 8
2 clickedStim 20 17 21 15 14 19 13 10
2 rts 1683 361 657 828 617 696 586 790
2 6 7 0 // 9 6 10 4 3 8 2 // 9 6 10 4 3 8 2
2 clickedStim 13 16 14 22 21 19 17 20 11
2 rts 2149 346 710 648 617 709 580 484 1474
2 7 8 0 // 1 4 2 10 9 7 5 8 // 1 4 2 10 9 7 5 8
2 clickedStim 22 19 17 16 20 21 13 18 11
2 rts 1817 526 592 420 596 528 633 701 557
2 7 8 0 // 10 7 5 4 8 9 1 6 // 10 7 5 4 8 9 1 6
2 clickedStim 14 21 23 19 17 22 18 12
2 rts 2578 588 285 462 1803 625 770 1637
2 8 9 1 // 1 8 7 6 10 2 4 9 5 // 1 8 10 6 4 9 5
2 clickedStim 15 19 18 14 17 20 21 22 23 12
2 rts 1451 635 589 387 401 342 1613 565 1757 558
2 8 9 1 // 2 6 5 1 3 7 4 9 8 // 2 6 5 1 4 7 8 9 10
