1 clickedStim 11 5
1 rts 3196 1251
1 0 2 1 // 5 1 // 5
2 clickedStim 15 13 5
2 rts 3609 2123 1030
2 0 2 0 // 9 7 // 9 7
2 clickedStim 8 13 5
2 rts 1884 1412 931
2 0 2 0 // 2 7 // 2 7
2 clickedStim 16 8 12 6
2 rts 1600 634 573 792
2 2 3 0 // 9 1 5 // 9 1 5
2 clickedStim 10 13 9 6
2 rts 1675 274 959 647
2 2 3 0 // 3 6 2 // 3 6 2
2 clickedStim 13 18 11 15 7
2 rts 1531 861 691 568 794
2 3 4 0 // 5 10 3 7 // 5 10 3 7
2 clickedStim 15 13 10 14 7
2 rts 1061 343 395 470 461
2 3 4 0 // 7 5 2 6 // 7 5 2 6
2 clickedStim 12 11 18 14 10 8
2 rts 1843 565 495 466 394 539
2 4 5 0 // 3 2 9 5 1 // 3 2 9 5 1
2 clickedStim 10 15 16 17 18 8
2 rts 1588 676 1288 500 487 1002
2 4 5 1 // 1 7 6 8 9 // 1 6 7 8 9
2 clickedStim 8
2 rts 5623
2 4 5 1 // 7 5 9 6 4 // 
