1 clickedStim 12 9 5
1 rts 1610 384 921
1 0 2 0 // 6 3 // 6 3
2 clickedStim 11 9 5
2 rts 1244 549 636
2 0 2 0 // 5 3 // 5 3
2 clickedStim 14 7 5
2 rts 1773 644 753
2 0 2 0 // 8 1 // 8 1
2 clickedStim 8 17 9 6
2 rts 1217 441 365 637
2 2 3 0 // 1 10 2 // 1 10 2
2 clickedStim 9 10 17 6
2 rts 1035 526 811 682
2 2 3 0 // 2 3 10 // 2 3 10
2 clickedStim 14 11 15 13 7
2 rts 1119 329 631 486 1204
2 3 4 0 // 6 3 7 5 // 6 3 7 5
2 clickedStim 11 17 10 9 7
2 rts 835 416 539 481 839
2 3 4 0 // 3 9 2 1 // 3 9 2 1
2 clickedStim 15 13 18 14 16 8
2 rts 1068 610 647 473 535 2321
2 4 5 0 // 6 4 9 5 7 // 6 4 9 5 7
2 clickedStim 14 18 11 19 13 8
2 rts 1314 552 647 713 672 815
2 4 5 0 // 5 9 2 10 4 // 5 9 2 10 4
2 clickedStim 12 13 11 19 18 20 9
2 rts 1139 477 1886 724 329 401 598
2 5 6 1 // 2 3 8 1 9 10 // 2 3 1 9 8 10
2 clickedStim 12 14 17 18 16 20 9
2 rts 947 348 419 488 1596 1456 636
2 5 6 1 // 2 4 7 8 6 3 // 2 4 7 8 6 10
