1 clickedStim 13 6 9 13 5
1 rts 4711 1649 818 242 1220
1 0 2 0 // 3 7 // 3 7
2 clickedStim 10 9 5
2 rts 1314 202 1043
2 0 2 0 // 4 3 // 4 3
2 clickedStim 14 11 5
2 rts 1023 94 585
2 0 2 0 // 8 5 // 8 5
2 clickedStim 13 12 10 6
2 rts 3017 254 116 607
2 2 3 0 // 6 5 3 // 6 5 3
2 clickedStim 14 10 16 6
2 rts 1178 363 164 546
2 2 3 0 // 7 3 9 // 7 3 9
2 clickedStim 10 11 14 8 15 14 7
2 rts 1268 206 663 1571 1200 335 794
2 3 4 0 // 2 3 7 6 // 2 3 7 6
2 clickedStim 10 17 16 11 7
2 rts 1497 724 499 391 594
2 3 4 0 // 2 9 8 3 // 2 9 8 3
2 clickedStim 14 13 10 9 9 10 13 17 11 8
2 rts 1270 1654 1407 948 263 895 546 505 492 770
2 4 5 0 // 5 1 4 8 2 // 5 1 4 8 2
2 clickedStim 19 17 10 14 18 8
2 rts 950 339 1592 562 1407 674
2 4 5 0 // 10 8 1 5 9 // 10 8 1 5 9
2 clickedStim 13 11 19 18 17 16 9
2 rts 1324 533 2987 412 487 539 591
2 5 6 0 // 3 1 9 8 7 6 // 3 1 9 8 7 6
2 clickedStim 20 11 13 18 14 9
2 rts 822 2471 1991 468 342 928
2 5 6 1 // 10 1 3 8 4 6 // 10 1 3 8 4
2 clickedStim 18 15 16 13 12 11 9
2 rts 1177 364 367 272 268 230 823
2 5 6 1 // 4 3 5 9 7 8 // 8 5 6 3 2 1
