1 clickedStim 13 15 5
1 rts 4307 959 1374
1 0 2 1 // 9 7 // 7 9
2 clickedStim 8 11 5
2 rts 1655 646 1127
2 0 2 0 // 2 5 // 2 5
2 clickedStim 12 14 5
2 rts 1412 651 708
2 0 2 0 // 6 8 // 6 8
2 clickedStim 12 15 11 6
2 rts 1122 626 602 832
2 2 3 0 // 5 8 4 // 5 8 4
2 clickedStim 10 14 15 6
2 rts 2339 874 864 871
2 2 3 0 // 3 7 8 // 3 7 8
2 clickedStim 18 15 8 8 18 9 11 15 7
2 rts 1030 739 8844 1063 2141 2323 1651 958 1087
2 3 4 1 // 10 7 1 6 // 10 1 3 7
2 clickedStim 15 14 10 18 7
2 rts 1328 753 687 820 868
2 3 4 1 // 4 6 2 10 // 7 6 2 10
