1 clickedStim 9 12 5
1 rts 1712 598 1873
1 0 2 0 // 3 6 // 3 6
2 clickedStim 12 11 5
2 rts 2171 554 1057
2 0 2 0 // 6 5 // 6 5
2 clickedStim 11 8 5
2 rts 1786 557 1249
2 0 2 0 // 5 2 // 5 2
2 clickedStim 9 14 12 6
2 rts 1774 742 844 887
2 2 3 0 // 2 7 5 // 2 7 5
2 clickedStim 12 14 16 6
2 rts 1903 781 1307 1178
2 2 3 0 // 5 7 9 // 5 7 9
2 clickedStim 16 10 18 9 7
2 rts 1293 1005 1320 1199 1398
2 3 4 0 // 8 2 10 1 // 8 2 10 1
2 clickedStim 14 13 10 18 7
2 rts 1800 539 1086 1003 1352
2 3 4 0 // 6 5 2 10 // 6 5 2 10
2 clickedStim 10 15 19 16 11 8
2 rts 1974 1100 1103 1086 1318 1231
2 4 5 0 // 1 6 10 7 2 // 1 6 10 7 2
2 clickedStim 14 15 10 17 18 8
2 rts 1537 844 1506 1024 834 1237
2 4 5 0 // 5 6 1 8 9 // 5 6 1 8 9
2 clickedStim 13 11 20 17 12 15 9
2 rts 3004 938 930 863 1796 877 1152
2 5 6 1 // 3 1 7 10 2 5 // 3 1 10 7 2 5
2 clickedStim 13 20 12 19 15 17 9
2 rts 2275 1469 1316 924 866 1024 1109
2 5 6 0 // 3 10 2 9 5 7 // 3 10 2 9 5 7
2 clickedStim 11 20 13 17 15 19 9
2 rts 1912 856 2233 1251 690 843 1320
2 5 6 0 // 1 10 3 7 5 9 // 1 10 3 7 5 9
2 clickedStim 14 19 20 16 17 21 15 10
2 rts 2534 1381 856 727 643 760 1035 1906
2 6 7 0 // 3 8 9 5 6 10 4 // 3 8 9 5 6 10 4
2 clickedStim 13 16 20 12 21 19 15 10
2 rts 2454 886 903 1498 2425 649 1063 897
2 6 7 1 // 2 5 9 1 8 10 4 // 2 5 9 1 10 8 4
2 clickedStim 21 14 16 18 15 20 12 10
2 rts 1893 1736 741 663 622 2436 1416 1531
2 6 7 1 // 10 3 4 7 5 9 1 // 10 3 5 7 4 9 1
