1 clickedStim 7 12 5
1 rts 1480 1188 722
1 0 2 0 // 1 6 // 1 6
2 clickedStim 11 9 5
2 rts 1246 354 604
2 0 2 0 // 5 3 // 5 3
2 clickedStim 8 14 5
2 rts 1313 376 1001
2 0 2 1 // 5 8 // 2 8
2 clickedStim 7 9 5
2 rts 1348 887 1122
2 0 2 0 // 1 3 // 1 3
2 clickedStim 16 8 14 6
2 rts 1732 383 546 1174
2 2 3 0 // 9 1 7 // 9 1 7
2 clickedStim 8 17 11 6
2 rts 1377 495 445 35484
2 2 3 0 // 1 10 4 // 1 10 4
2 clickedStim 18 15 16 11 -1 7
2 rts 1126 588 514 534 99999 870
2 3 4 0 // 10 7 8 3 // 10 7 8 3
2 clickedStim 16 13 17 12 7
2 rts 994 338 445 493 2319
2 3 4 0 // 8 5 9 4 // 8 5 9 4
2 clickedStim 18 14 10 17 12 8
2 rts 1190 472 454 481 512 757
2 4 5 0 // 9 5 1 8 3 // 9 5 1 8 3
2 clickedStim 18 16 14 15 19 8
2 rts 1175 382 538 462 587 555
2 4 5 0 // 9 7 5 6 10 // 9 7 5 6 10
2 clickedStim 14 13 12 19 20 16 9
2 rts 1237 465 359 479 525 584 610
2 5 6 0 // 4 3 2 9 10 6 // 4 3 2 9 10 6
2 clickedStim 20 14 19 15 13 18 9
2 rts 1345 468 662 414 349 414 1389
2 5 6 0 // 10 4 9 5 3 8 // 10 4 9 5 3 8
2 clickedStim 14 18 20 16 15 17 19 10
2 rts 1706 461 530 485 458 536 704 715
2 6 7 0 // 3 7 9 5 4 6 8 // 3 7 9 5 4 6 8
2 clickedStim 14 13 15 12 16 19 10
2 rts 2383 524 291 310 438 321 1039
2 6 7 1 // 8 10 7 6 4 2 5 // 3 2 4 1 5 8
2 clickedStim 21 20 17 18 15 19 16 10
2 rts 1070 387 932 490 337 538 301 775
2 6 7 0 // 10 9 6 7 4 8 5 // 10 9 6 7 4 8 5
2 clickedStim 19 17 21 16 15 20 13 11
2 rts 1607 323 352 428 446 365 1194 957
2 7 8 1 // 7 5 9 4 6 3 8 1 // 7 5 9 4 3 8 1
2 clickedStim 14 13 15 20 16 17 22 18 11
2 rts 1139 396 436 593 425 567 543 635 650
2 7 8 0 // 2 1 3 8 4 5 10 6 // 2 1 3 8 4 5 10 6
2 clickedStim 17 16 20 18 15 22 21 14 11
2 rts 2204 884 3505 366 293 540 516 443 835
2 7 8 1 // 3 7 1 8 2 5 4 6 // 5 4 8 6 3 10 9 2
