1 clickedStim 8 9 5
1 rts 1611 983 2423
1 0 2 0 // 2 3 // 2 3
2 clickedStim 7 11 5
2 rts 1712 956 1545
2 0 2 0 // 1 5 // 1 5
2 clickedStim 9 8 5
2 rts 1494 689 1080
2 0 2 0 // 3 2 // 3 2
2 clickedStim 13 14 10 6
2 rts 1540 1439 1408 1193
2 2 3 0 // 6 7 3 // 6 7 3
2 clickedStim 9 10 15 6
2 rts 1925 885 846 1060
2 2 3 0 // 2 3 8 // 2 3 8
2 clickedStim 18 12 10 14 7
2 rts 1973 757 881 760 994
2 3 4 0 // 10 4 2 6 // 10 4 2 6
2 clickedStim 9 18 11 17 7
2 rts 1619 962 936 892 1071
2 3 4 0 // 1 10 3 9 // 1 10 3 9
2 clickedStim 15 16 12 18 11 8
2 rts 1154 865 962 836 639 973
2 4 5 0 // 6 7 3 9 2 // 6 7 3 9 2
2 clickedStim 12 15 16 13 14 8
2 rts 1261 660 816 568 788 964
2 4 5 0 // 3 6 7 4 5 // 3 6 7 4 5
2 clickedStim 11 17 14 15 16 12 9
2 rts 1237 887 668 679 865 785 1804
2 5 6 0 // 1 7 4 5 6 2 // 1 7 4 5 6 2
2 clickedStim 17 13 19 15 11 18 9
2 rts 2451 828 708 775 747 838 774
2 5 6 0 // 7 3 9 5 1 8 // 7 3 9 5 1 8
2 clickedStim 19 15 13 18 17 20 21 10
2 rts 1376 757 679 872 927 657 1053 1032
2 6 7 1 // 8 4 2 7 9 6 10 // 8 4 2 7 6 9 10
2 clickedStim 20 13 17 15 16 21 10
2 rts 1640 737 944 877 1122 1934 1092
2 6 7 1 // 9 4 2 6 5 8 10 // 9 2 6 4 5 10
