1 clickedStim 10 16 5
1 rts 2476 1225 1169
1 0 2 0 // 4 10 // 4 10
2 clickedStim 16 8 5
2 rts 1506 1092 3703
2 0 2 0 // 10 2 // 10 2
2 clickedStim 8 9 5
2 rts 5552 1128 3526
2 0 2 0 // 2 3 // 2 3
2 clickedStim 10 9 15 6
2 rts 1582 856 876 1167
2 2 3 0 // 3 2 8 // 3 2 8
2 clickedStim 14 12 17 6
2 rts 1120 1061 929 1351
2 2 3 0 // 7 5 10 // 7 5 10
2 clickedStim 16 14 10 12 7
2 rts 2002 1031 799 886 1153
2 3 4 0 // 8 6 2 4 // 8 6 2 4
2 clickedStim 9 16 10 13 7
2 rts 2119 984 940 784 1163
2 3 4 0 // 1 8 2 5 // 1 8 2 5
2 clickedStim 17 18 16 10 12 8
2 rts 1752 944 2134 926 980 1155
2 4 5 0 // 8 9 7 1 3 // 8 9 7 1 3
2 clickedStim 11 19 16 17 10 8
2 rts 2066 1175 974 1004 1026 1331
2 4 5 0 // 2 10 7 8 1 // 2 10 7 8 1
2 clickedStim 15 16 14 11 17 20 9
2 rts 1575 921 960 925 856 972 964
2 5 6 0 // 5 6 4 1 7 10 // 5 6 4 1 7 10
2 clickedStim 13 16 11 20 12 15 9
2 rts 1873 833 1024 1019 1014 2398 1383
2 5 6 0 // 3 6 1 10 2 5 // 3 6 1 10 2 5
2 clickedStim 18 21 19 12 16 13 20 10
2 rts 1913 1762 803 913 946 887 1077 1073
2 6 7 0 // 7 10 8 1 5 2 9 // 7 10 8 1 5 2 9
2 clickedStim 19 12 14 20 13 21 16 10
2 rts 1791 840 1104 816 937 870 776 947
2 6 7 0 // 8 1 3 9 2 10 5 // 8 1 3 9 2 10 5
2 clickedStim 21 18 14 19 13 17 15 20 11
2 rts 1820 739 1069 935 887 804 853 1569 982
2 7 8 1 // 9 6 2 7 1 5 8 3 // 9 6 2 7 1 5 3 8
2 clickedStim 18 20 14 22 17 15 16 13 11
2 rts 1570 925 1350 1019 858 1099 898 726 1197
2 7 8 0 // 6 8 2 10 5 3 4 1 // 6 8 2 10 5 3 4 1
2 clickedStim 13 14 22 17 16 19 20 21 11
2 rts 1857 866 868 847 779 631 830 1151 859
2 7 8 0 // 1 2 10 5 4 7 8 9 // 1 2 10 5 4 7 8 9
2 clickedStim 18 17 20 21 23 22 14 16 19 12
2 rts 1718 712 698 783 718 910 1029 910 772 982
2 8 9 0 // 5 4 7 8 10 9 1 3 6 // 5 4 7 8 10 9 1 3 6
2 clickedStim 14 21 20 23 22 18 15 17 19 12
2 rts 1763 700 671 645 822 817 933 918 1168 1148
2 8 9 1 // 1 8 7 10 9 4 2 5 6 // 1 8 7 10 9 5 2 4 6
2 clickedStim 19 20 14 21 23 22 18 15 17 12
2 rts 1513 873 843 842 673 1013 930 718 883 1037
2 8 9 0 // 6 7 1 8 10 9 5 2 4 // 6 7 1 8 10 9 5 2 4
