1 clickedStim 7 13 5
1 rts 1442 540 856
1 0 2 0 // 1 7 // 1 7
2 clickedStim 11 8 5
2 rts 937 329 624
2 0 2 0 // 5 2 // 5 2
2 clickedStim 10 15 5
2 rts 1056 557 757
2 0 2 0 // 4 9 // 4 9
2 clickedStim 15 13 17 6
2 rts 620 235 314 394
2 2 3 0 // 8 6 10 // 8 6 10
2 clickedStim 9 16 12 6
2 rts 836 375 206 443
2 2 3 0 // 2 9 5 // 2 9 5
2 clickedStim 17 11 18 15 7
2 rts 888 261 358 160 553
2 3 4 0 // 9 3 10 7 // 9 3 10 7
2 clickedStim 12 10 15 11 7
2 rts 674 279 349 364 640
2 3 4 0 // 4 2 7 3 // 4 2 7 3
2 clickedStim 15 17 11 12 16 8
2 rts 969 316 381 154 312 515
2 4 5 0 // 6 8 2 3 7 // 6 8 2 3 7
2 clickedStim 12 19 14 10 18 8
2 rts 864 294 249 499 625 1467
2 4 5 0 // 3 10 5 1 9 // 3 10 5 1 9
2 clickedStim 20 15 13 18 11 16 9
2 rts 668 402 290 398 360 486 1399
2 5 6 0 // 10 5 3 8 1 6 // 10 5 3 8 1 6
2 clickedStim 15 14 20 19 16 11 9
2 rts 819 210 404 405 150 392 593
2 5 6 0 // 5 4 10 9 6 1 // 5 4 10 9 6 1
2 clickedStim 20 18 14 12 17 11 19 17 15 10
2 rts 722 447 504 345 494 1365 776 280 413 3001
2 6 7 0 // 9 7 3 1 8 6 4 // 9 7 3 1 8 6 4
2 clickedStim 16 20 18 17 21 12 13 10
2 rts 1111 449 315 376 279 304 213 550
2 6 7 0 // 5 9 7 6 10 1 2 // 5 9 7 6 10 1 2
2 clickedStim 19 16 20 14 18 13 15 21 11
2 rts 2809 1251 277 401 6057 603 1588 267 829
2 7 8 1 // 7 4 8 2 10 1 6 9 // 7 4 8 2 6 1 3 9
2 clickedStim 14 22 19 21 20 17 15 18 11
2 rts 1597 387 257 567 396 474 976 176 514
2 7 8 0 // 2 10 7 9 8 5 3 6 // 2 10 7 9 8 5 3 6
2 clickedStim 19 13 14 18 20 17 16 21 11
2 rts 1180 331 237 320 304 234 230 273 433
2 7 8 0 // 7 1 2 6 8 5 4 9 // 7 1 2 6 8 5 4 9
2 clickedStim 15 22 19 23 21 14 18 20 12
2 rts 1147 611 632 2401 494 575 1002 190 1170
2 8 9 1 // 2 9 6 10 3 1 7 5 4 // 2 9 6 10 8 1 5 7
2 clickedStim 21 23 19 14 15 17 18 20 22 12
2 rts 1256 156 566 1229 457 257 359 1114 546 320
2 8 9 1 // 8 10 6 1 4 2 5 9 7 // 8 10 6 1 2 4 5 7 9
