1 clickedStim 12 8 5
1 rts 11197 1039 3266
1 0 2 0 // 6 2 // 6 2
2 clickedStim 10 14 5
2 rts 15254 1764 4828
2 0 2 0 // 4 8 // 4 8
2 clickedStim 11 14 5
2 rts 22181 954 3639
2 0 2 0 // 5 8 // 5 8
2 clickedStim 17 15 16 6
2 rts 4052 647 936 4732
2 2 3 0 // 10 8 9 // 10 8 9
2 clickedStim 15 10 9 6
2 rts 2533 1162 658 3056
2 2 3 0 // 8 3 2 // 8 3 2
2 clickedStim 14 11 16 18 7
2 rts 2451 604 1555 1016 2883
2 3 4 0 // 6 3 8 10 // 6 3 8 10
2 clickedStim 11 17 12 10 7
2 rts 14366 919 919 822 4305
2 3 4 0 // 3 9 4 2 // 3 9 4 2
2 clickedStim 15 10 17 11 16 8
2 rts 7696 1839 2118 753 803 54865
2 4 5 0 // 6 1 8 2 7 // 6 1 8 2 7
2 clickedStim 10 18 16 13 19 8
2 rts 4634 5985 9599 825 918 5167
2 4 5 0 // 1 9 7 4 10 // 1 9 7 4 10
2 clickedStim 11 20 15 18 16 12 9
2 rts 4275 2253 2235 1556 756 875 39548
2 5 6 0 // 1 10 5 8 6 2 // 1 10 5 8 6 2
2 clickedStim 16 11 20 14 17 12 9
2 rts 4098 1746 3535 1277 806 838 11670
2 5 6 0 // 6 1 10 4 7 2 // 6 1 10 4 7 2
2 clickedStim 16 12 11 19 15 12 20 13 14 10
2 rts 5125 1714 4192 11202 2934 1051 6345 754 3395 33929
2 6 7 0 // 5 8 4 1 9 2 3 // 5 8 4 1 9 2 3
2 clickedStim 15 13 12 14 18 21 19 10
2 rts 16779 3317 3329 3850 893 4408 640 32502
2 6 7 0 // 4 2 1 3 7 10 8 // 4 2 1 3 7 10 8
2 clickedStim 13 22 18 16 15 14 20 21 11
2 rts 12103 4437 1169 3964 3344 761 3904 819 20653
2 7 8 0 // 1 10 6 4 3 2 8 9 // 1 10 6 4 3 2 8 9
2 clickedStim 15 22 13 14 16 19 20 17 11
2 rts 10392 5357 954 4612 1562 3800 882 4010 14954
2 7 8 0 // 3 10 1 2 4 7 8 5 // 3 10 1 2 4 7 8 5
2 clickedStim 16 19 20 14 21 15 23 17 22 12
2 rts 11869 3634 3143 2953 3249 3826 1014 4942 1127 32944
2 8 9 0 // 3 6 7 1 8 2 10 4 9 // 3 6 7 1 8 2 10 4 9
2 clickedStim 17 21 16 22 15 14 18 20 23 12
2 rts 11505 3265 3265 4150 3448 4173 1704 6036 777 24783
2 8 9 0 // 4 8 3 9 2 1 5 7 10 // 4 8 3 9 2 1 5 7 10
