1 clickedStim 12 14 5
1 rts 1720 774 996
1 0 2 0 // 6 8 // 6 8
2 clickedStim 12 8 5
2 rts 1484 617 926
2 0 2 0 // 6 2 // 6 2
2 clickedStim 10 15 5
2 rts 1512 720 812
2 0 2 0 // 4 9 // 4 9
2 clickedStim 12 17 10 6
2 rts 1129 819 845 776
2 2 3 0 // 5 10 3 // 5 10 3
2 clickedStim 12 11 15 6
2 rts 1239 726 667 787
2 2 3 0 // 5 4 8 // 5 4 8
2 clickedStim 12 18 11 10 7
2 rts 1151 703 713 579 1017
2 3 4 0 // 4 10 3 2 // 4 10 3 2
2 clickedStim 13 10 18 16 7
2 rts 1291 384 653 302 731
2 3 4 0 // 5 2 10 8 // 5 2 10 8
2 clickedStim 18 19 16 17 12 8
2 rts 1535 580 557 445 556 893
2 4 5 0 // 9 10 7 8 3 // 9 10 7 8 3
2 clickedStim 10 19 16 12 17 8
2 rts 1301 739 519 700 713 971
2 4 5 0 // 1 10 7 3 8 // 1 10 7 3 8
2 clickedStim 14 11 19 18 20 16 10 17 9
2 rts 1088 413 1045 466 672 883 2326 834 823
2 5 6 1 // 4 1 9 8 6 10 // 4 1 9 8 10 7
2 clickedStim 19 15 17 20 16 18 9
2 rts 1544 488 543 578 597 473 845
2 5 6 0 // 9 5 7 10 6 8 // 9 5 7 10 6 8
2 clickedStim 13 20 16 17 12 9
2 rts 1394 1219 414 1083 1800 766
2 5 6 1 // 10 3 6 7 9 2 // 3 10 6 7 2
