1 clickedStim 14 11 5
1 rts 1412 412 855
1 0 2 0 // 8 5 // 8 5
2 clickedStim 14 12 5
2 rts 2030 570 754
2 0 2 0 // 8 6 // 8 6
2 clickedStim 9 11 5
2 rts 1262 1165 805
2 0 2 0 // 3 5 // 3 5
2 clickedStim 8 11 9 6
2 rts 1156 351 779 805
2 2 3 0 // 1 4 2 // 1 4 2
2 clickedStim 17 16 14 6
2 rts 1840 651 567 734
2 2 3 0 // 10 9 7 // 10 9 7
2 clickedStim 15 11 17 16 7
2 rts 1268 1292 740 665 1007
2 3 4 0 // 7 3 9 8 // 7 3 9 8
2 clickedStim 11 15 14 18 7
2 rts 1647 898 891 811 591
2 3 4 0 // 3 7 6 10 // 3 7 6 10
2 clickedStim 10 18 14 19 13 8
2 rts 1342 2370 572 869 926 1983
2 4 5 0 // 1 9 5 10 4 // 1 9 5 10 4
2 clickedStim 18 15 16 19 17 8
2 rts 1859 427 954 886 391 907
2 4 5 0 // 9 6 7 10 8 // 9 6 7 10 8
2 clickedStim 18 14 15 11 17 12 9
2 rts 1352 851 1348 841 838 668 890
2 5 6 0 // 8 4 5 1 7 2 // 8 4 5 1 7 2
2 clickedStim 16 14 15 17 11 20 9
2 rts 2680 623 583 967 478 544 682
2 5 6 0 // 6 4 5 7 1 10 // 6 4 5 7 1 10
2 clickedStim 12 14 20 18 13 16 21 10
2 rts 1477 775 647 1016 491 653 1096 718
2 6 7 0 // 1 3 9 7 2 5 10 // 1 3 9 7 2 5 10
2 clickedStim 12 11 18 21 13 12 14 16 10
2 rts 1476 1480 837 603 868 831 779 900 4008
2 6 7 1 // 7 10 2 1 8 3 5 // 7 10 2 1 3 5
2 clickedStim 13 15 20 16 17 18 21 10
2 rts 1350 958 768 1097 733 530 480 664
2 6 7 0 // 2 4 9 5 6 7 10 // 2 4 9 5 6 7 10
2 clickedStim 16 20 15 18 13 22 17 19 11
2 rts 1338 649 839 1121 1835 790 576 1095 795
2 7 8 0 // 4 8 3 6 1 10 5 7 // 4 8 3 6 1 10 5 7
2 clickedStim 17 22 19 21 14 18 20 11
2 rts 2004 672 600 1440 2597 643 415 658
2 7 8 1 // 5 4 7 9 10 2 6 8 // 5 10 7 9 2 6 8
2 clickedStim 18 14 22 15 21 17 13 16 11
2 rts 2213 740 498 637 1148 859 1129 368 636
2 7 8 1 // 6 2 8 3 9 5 1 4 // 6 2 10 3 9 5 1 4
