1 clickedStim 13 16 5
1 rts 1615 735 708
1 0 2 0 // 7 10 // 7 10
2 clickedStim 10 9 5
2 rts 1648 1136 1158
2 0 2 0 // 4 3 // 4 3
2 clickedStim 11 9 5
2 rts 1522 913 875
2 0 2 0 // 5 3 // 5 3
2 clickedStim 14 10 12 6
2 rts 2232 882 865 1040
2 2 3 0 // 7 3 5 // 7 3 5
2 clickedStim 15 10 8 6
2 rts 1622 806 630 990
2 2 3 0 // 8 3 1 // 8 3 1
2 clickedStim 17 13 15 9 7
2 rts 3247 710 2064 451 1187
2 3 4 1 // 9 7 1 5 // 9 5 7 1
2 clickedStim 17 9 13 10 7
2 rts 1076 899 701 754 1042
2 3 4 0 // 9 1 5 2 // 9 1 5 2
2 clickedStim 9 17 12 16 7
2 rts 1225 923 817 604 916
2 3 4 0 // 1 9 4 8 // 1 9 4 8
2 clickedStim 19 11 10 13 17 8
2 rts 1737 918 985 599 922 6306
2 4 5 0 // 10 2 1 4 8 // 10 2 1 4 8
2 clickedStim 14 13 11 19 10 8
2 rts 2211 578 745 649 711 1152
2 4 5 0 // 5 4 2 10 1 // 5 4 2 10 1
2 clickedStim 16 15 14 18 19 12 9
2 rts 2082 834 678 782 687 929 1292
2 5 6 0 // 6 5 4 8 9 2 // 6 5 4 8 9 2
2 clickedStim 19 15 17 13 20 16 9
2 rts 2163 729 781 788 868 912 1054
2 5 6 0 // 9 5 7 3 10 6 // 9 5 7 3 10 6
2 clickedStim 17 21 15 19 13 12 20 10
2 rts 1552 659 694 632 710 721 921 1044
2 6 7 1 // 6 10 2 8 4 1 9 // 6 10 4 8 2 1 9
2 clickedStim 18 15 13 19 20 17 14 10
2 rts 1967 552 717 720 824 753 1245 1024
2 6 7 1 // 7 4 2 8 9 6 10 // 7 4 2 8 9 6 3
