1 clickedStim 9 12 5
1 rts 1732 371 1271
1 0 2 0 // 3 6 // 3 6
2 clickedStim 9 12 5
2 rts 1467 234 609
2 0 2 0 // 3 6 // 3 6
2 clickedStim 7 8 5
2 rts 1315 195 708
2 0 2 0 // 1 2 // 1 2
2 clickedStim 9 17 15 6
2 rts 1280 358 150 659
2 2 3 0 // 2 10 8 // 2 10 8
2 clickedStim 16 12 15 6
2 rts 1371 328 221 694
2 2 3 0 // 9 5 8 // 9 5 8
2 clickedStim 13 14 16 15 7
2 rts 1122 314 386 304 590
2 3 4 0 // 5 6 8 7 // 5 6 8 7
2 clickedStim 10 13 18 11 7
2 rts 1466 271 454 309 634
2 3 4 0 // 2 5 10 3 // 2 5 10 3
2 clickedStim 16 9 18 16 13 10 14 8
2 rts 1434 1188 821 353 271 182 250 567
2 4 5 0 // 9 7 4 1 5 // 9 7 4 1 5
2 clickedStim 14 12 11 16 13 8
2 rts 1295 367 324 323 217 593
2 4 5 0 // 5 3 2 7 4 // 5 3 2 7 4
2 clickedStim 17 18 14 13 16 12 9
2 rts 1279 223 239 394 408 209 610
2 5 6 0 // 7 8 4 3 6 2 // 7 8 4 3 6 2
2 clickedStim 15 12 18 11 16 20 9
2 rts 1067 234 777 329 395 259 501
2 5 6 0 // 5 2 8 1 6 10 // 5 2 8 1 6 10
2 clickedStim 20 15 19 16 18 17 12 10
2 rts 1860 810 349 256 666 318 261 690
2 6 7 0 // 9 4 8 5 7 6 1 // 9 4 8 5 7 6 1
2 clickedStim 12 16 20 21 18 14 15 10
2 rts 1639 320 530 317 250 403 256 484
2 6 7 0 // 1 5 9 10 7 3 4 // 1 5 9 10 7 3 4
2 clickedStim 17 18 19 21 13 16 15 20 11
2 rts 1837 251 338 817 370 267 720 424 574
2 7 8 0 // 5 6 7 9 1 4 3 8 // 5 6 7 9 1 4 3 8
2 clickedStim 15 16 13 21 18 20 19 22 11
2 rts 1149 439 188 945 685 248 777 810 694
2 7 8 0 // 3 4 1 9 6 8 7 10 // 3 4 1 9 6 8 7 10
2 clickedStim 15 20 18 16 22 14 19 23 12
2 rts 1227 405 242 513 287 395 400 249 473
2 8 9 1 // 2 7 5 3 9 1 8 6 10 // 2 7 5 3 9 1 6 10
2 clickedStim 16 17 18 22 15 20 19 23 14 12
2 rts 1568 667 476 777 1196 458 1297 453 327 1279
2 8 9 0 // 3 4 5 9 2 7 6 10 1 // 3 4 5 9 2 7 6 10 1
2 clickedStim 23 17 14 22 16 18 21 19 15 12
2 rts 1731 417 184 683 519 340 3765 460 336 709
2 8 9 0 // 10 4 1 9 3 5 8 6 2 // 10 4 1 9 3 5 8 6 2
