1 clickedStim 12 8 5
1 rts 2578 1112 1771
1 0 2 0 // 6 2 // 6 2
2 clickedStim 7 15 5
2 rts 2237 1297 1203
2 0 2 0 // 1 9 // 1 9
2 clickedStim 8 11 5
2 rts 1901 1138 19512
2 0 2 0 // 2 5 // 2 5
2 clickedStim 14 13 10 6
2 rts 2129 1375 1387 1882
2 2 3 0 // 7 6 3 // 7 6 3
2 clickedStim 10 17 11 6
2 rts 1616 1054 1384 1593
2 2 3 0 // 3 10 4 // 3 10 4
2 clickedStim 18 11 15 12 7
2 rts 2136 1018 1035 800 1569
2 3 4 0 // 10 3 7 4 // 10 3 7 4
2 clickedStim 17 9 15 16 7
2 rts 1450 1114 974 1254 1359
2 3 4 0 // 9 1 7 8 // 9 1 7 8
2 clickedStim 18 10 14 15 11 8
2 rts 1646 1385 1035 1289 1035 1787
2 4 5 1 // 8 1 5 6 2 // 9 1 5 6 2
2 clickedStim 16 15 17 11 14 8
2 rts 2331 1437 1121 1124 991 1489
2 4 5 0 // 7 6 8 2 5 // 7 6 8 2 5
2 clickedStim 11 12 18 16 17 8
2 rts 1742 1209 1418 1132 1499 19632
2 4 5 0 // 2 3 9 7 8 // 2 3 9 7 8
2 clickedStim 12 17 20 14 11 16 9
2 rts 6035 2600 2442 1498 5301 1541 2784
2 5 6 0 // 2 7 10 4 1 6 // 2 7 10 4 1 6
2 clickedStim 17 20 18 19 12 14 9
2 rts 4754 1307 1586 1158 956 958 1691
2 5 6 0 // 7 10 8 9 2 4 // 7 10 8 9 2 4
2 clickedStim 19 21 20 14 18 12 16 10
2 rts 4122 727 1474 1899 1229 1279 1238 1542
2 6 7 0 // 8 10 9 3 7 1 5 // 8 10 9 3 7 1 5
2 clickedStim 17 19 14 12 20 13 16 10
2 rts 4512 1508 1884 1220 2756 1166 948 98754
2 6 7 0 // 6 8 3 1 9 2 5 // 6 8 3 1 9 2 5
2 clickedStim 18 20 15 16 13 22 17 11
2 rts 2264 963 1187 1298 826 1751 1123 1489
2 7 8 1 // 6 8 3 4 1 10 5 7 // 6 8 3 4 1 10 5
2 clickedStim 13 20 18 21 17 14 16 22 11
2 rts 5875 1228 1254 3995 1536 3725 1356 1429 1123
2 7 8 0 // 1 8 6 9 5 2 4 10 // 1 8 6 9 5 2 4 10
2 clickedStim 13 22 15 16 19 18 14 21 11
2 rts 8293 1096 1855 2296 1017 1473 2635 1716 1804
2 7 8 0 // 1 10 3 4 7 6 2 9 // 1 10 3 4 7 6 2 9
2 clickedStim 14 18 22 23 15 19 21 12
2 rts 5806 1244 2094 4331 1603 1560 1105 1141
2 8 9 1 // 4 7 1 5 9 10 2 6 8 // 1 5 9 10 2 6 8
2 clickedStim 20 22 17 19 16 15 14 21 18 12
2 rts 9543 3020 2609 1499 3430 1594 1271 1157 930 1341
2 8 9 0 // 7 9 4 6 3 2 1 8 5 // 7 9 4 6 3 2 1 8 5
2 clickedStim 21 20 22 17 19 16 15 14 12
2 rts 10632 1209 1681 3195 2223 1175 1200 3117 7042
2 8 9 1 // 8 9 1 10 6 3 4 7 5 // 8 7 9 4 6 3 2 1
