1 clickedStim 7 11 5
1 rts 3167 618 946
1 0 2 0 // 1 5 // 1 5
2 clickedStim 14 15 5
2 rts 997 537 704
2 0 2 0 // 8 9 // 8 9
2 clickedStim 16 15 5
2 rts 1339 741 651
2 0 2 0 // 10 9 // 10 9
2 clickedStim 11 15 14 6
2 rts 1382 618 506 1091
2 2 3 0 // 4 8 7 // 4 8 7
2 clickedStim 10 17 14 6
2 rts 1646 675 684 1130
2 2 3 0 // 3 10 7 // 3 10 7
2 clickedStim 17 16 10 15 7
2 rts 1796 603 792 692 1162
2 3 4 0 // 9 8 2 7 // 9 8 2 7
2 clickedStim 14 9 15 17 7
2 rts 1744 866 626 1176 1039
2 3 4 0 // 6 1 7 9 // 6 1 7 9
2 clickedStim 10 14 16 12 11 8
2 rts 1428 642 611 1214 553 1471
2 4 5 0 // 1 5 7 3 2 // 1 5 7 3 2
2 clickedStim 10 11 18 16 13 8
2 rts 1280 611 647 684 572 870
2 4 5 0 // 1 2 9 7 4 // 1 2 9 7 4
2 clickedStim 19 10 17 19 18 14 16 13 9
2 rts 1076 1518 1082 602 676 644 610 906 837
2 5 6 0 // 7 9 8 4 6 3 // 7 9 8 4 6 3
2 clickedStim 11 12 13 17 20 19 9
2 rts 1775 626 639 804 610 595 1046
2 5 6 0 // 1 2 3 7 10 9 // 1 2 3 7 10 9
2 clickedStim 14 12 19 15 16 17 13 10
2 rts 1626 861 845 717 617 636 939 1469
2 6 7 1 // 3 1 8 4 5 2 6 // 3 1 8 4 5 6 2
2 clickedStim 18 21 17 19 20 14 10
2 rts 1029 610 756 764 618 651 850
2 6 7 1 // 7 10 5 6 8 9 3 // 7 10 6 8 9 3
