1 clickedStim 13 12 5
1 rts 2336 2178 1483
1 0 2 0 // 7 6 // 7 6
2 clickedStim 16 7 5
2 rts 2274 1592 1597
2 0 2 0 // 10 1 // 10 1
2 clickedStim 8 7 5
2 rts 2329 1081 1764
2 0 2 0 // 2 1 // 2 1
2 clickedStim 11 16 8 6
2 rts 2114 1306 1338 3244
2 2 3 0 // 4 9 1 // 4 9 1
2 clickedStim 17 8 11 6
2 rts 2068 1588 1249 3407
2 2 3 0 // 10 1 4 // 10 1 4
2 clickedStim 13 14 18 17 7
2 rts 1734 969 1141 934 1483
2 3 4 0 // 5 6 10 9 // 5 6 10 9
2 clickedStim 11 18 9 17 7
2 rts 3044 2054 4562 1797 2718
2 3 4 0 // 3 10 1 9 // 3 10 1 9
2 clickedStim 15 18 13 14 16 8
2 rts 2099 838 1388 767 945 1346
2 4 5 0 // 6 9 4 5 7 // 6 9 4 5 7
2 clickedStim 15 17 16 11 13 8
2 rts 2028 755 873 1877 1215 2909
2 4 5 0 // 6 8 7 2 4 // 6 8 7 2 4
2 clickedStim 18 11 13 12 17 19 9
2 rts 1627 2661 1438 850 1109 1067 2063
2 5 6 0 // 8 1 3 2 7 9 // 8 1 3 2 7 9
2 clickedStim 18 16 17 12 15 14 9
2 rts 3105 1408 1224 3661 691 1116 1429
2 5 6 0 // 8 6 7 2 5 4 // 8 6 7 2 5 4
2 clickedStim 20 17 21 16 13 19 14 10
2 rts 1982 969 1636 984 1590 1066 1327 1421
2 6 7 0 // 9 6 10 5 2 8 3 // 9 6 10 5 2 8 3
2 clickedStim 17 20 18 16 12 21 13 10
2 rts 1808 840 1469 844 2081 1345 3083 1658
2 6 7 0 // 6 9 7 5 1 10 2 // 6 9 7 5 1 10 2
2 clickedStim 22 21 16 15 19 13 14 17 11
2 rts 2323 1054 2789 2331 1474 1605 1603 795 1427
2 7 8 0 // 10 9 4 3 7 1 2 5 // 10 9 4 3 7 1 2 5
2 clickedStim 13 15 19 20 18 16 17 14 11
2 rts 2698 1060 994 762 1027 1655 2596 1257 1541
2 7 8 0 // 1 3 7 8 6 4 5 2 // 1 3 7 8 6 4 5 2
2 clickedStim 19 20 21 18 17 16 15 23 14 12
2 rts 2153 1080 1069 831 1141 1478 1385 2107 1414 1914
2 8 9 1 // 6 7 8 5 3 2 4 10 1 // 6 7 8 5 4 3 2 10 1
2 clickedStim 16 20 23 14 18 15 21 22 19 12
2 rts 2110 884 1015 1606 1301 1564 1113 1116 1734 1626
2 8 9 0 // 3 7 10 1 5 2 8 9 6 // 3 7 10 1 5 2 8 9 6
2 clickedStim 15 16 14 19 17 21 18 20 23 12
2 rts 2099 1592 1045 1351 1257 1297 1748 2096 1047 1208
2 8 9 1 // 2 3 6 1 4 8 10 9 7 // 2 3 1 6 4 8 5 7 10
