1 clickedStim 12 15 5
1 rts 2126 568 1508
1 0 2 0 // 6 9 // 6 9
2 clickedStim 13 11 5
2 rts 1747 831 980
2 0 2 0 // 7 5 // 7 5
2 clickedStim 7 13 5
2 rts 1704 712 1174
2 0 2 0 // 1 7 // 1 7
2 clickedStim 9 13 17 6
2 rts 1231 562 793 1314
2 2 3 0 // 2 6 10 // 2 6 10
2 clickedStim 13 14 17 6
2 rts 1476 916 915 1251
2 2 3 0 // 6 7 10 // 6 7 10
2 clickedStim 18 16 12 13 7
2 rts 1751 422 559 645 1039
2 3 4 0 // 10 8 4 5 // 10 8 4 5
2 clickedStim 10 12 13 15 7
2 rts 1467 747 682 665 1193
2 3 4 0 // 2 4 5 7 // 2 4 5 7
2 clickedStim 15 18 14 10 16 8
2 rts 2146 483 480 548 818 1279
2 4 5 0 // 6 9 5 1 7 // 6 9 5 1 7
2 clickedStim 15 12 14 13 17 8
2 rts 1628 788 865 1332 670 9009
2 4 5 0 // 6 3 5 4 8 // 6 3 5 4 8
2 clickedStim 14 18 15 20 19 12 9
2 rts 1885 745 438 553 703 674 993
2 5 6 0 // 4 8 5 10 9 2 // 4 8 5 10 9 2
2 clickedStim 14 19 15 18 17 20 9
2 rts 2791 1024 530 451 578 673 855
2 5 6 0 // 4 9 5 8 7 10 // 4 9 5 8 7 10
2 clickedStim 17 15 16 18 14 12 19 10
2 rts 4263 884 741 925 3224 961 901 1099
2 6 7 1 // 6 4 3 7 1 5 8 // 6 4 5 7 3 1 8
2 clickedStim 20 18 15 21 12 13 14 10
2 rts 2440 802 423 749 571 566 640 3187
2 6 7 0 // 9 7 4 10 1 2 3 // 9 7 4 10 1 2 3
2 clickedStim 18 16 21 14 13 12 17 10
2 rts 5503 928 777 725 532 580 738 1169
2 6 7 0 // 7 5 10 3 2 1 6 // 7 5 10 3 2 1 6
2 clickedStim 15 19 16 14 17 13 22 11
2 rts 2383 1058 1829 1538 580 618 677 997
2 7 8 1 // 3 7 4 2 5 9 1 10 // 3 7 4 2 5 1 10
2 clickedStim 20 13 17 15 12 18 22 15 16 19 11
2 rts 6157 726 1721 1087 4650 1353 1064 964 739 440 993
2 7 8 1 // 8 1 5 4 7 10 3 9 // 8 1 5 6 10 3 4 7
