1 clickedStim 10 11 5
1 rts 1426 494 995
1 0 2 0 // 4 5 // 4 5
2 clickedStim 13 7 5
2 rts 1091 484 1070
2 0 2 0 // 7 1 // 7 1
2 clickedStim 13 8 5
2 rts 1413 721 844
2 0 2 0 // 7 2 // 7 2
2 clickedStim 8 14 16 6
2 rts 1111 528 690 710
2 2 3 0 // 1 7 9 // 1 7 9
2 clickedStim 14 16 13 6
2 rts 765 904 468 917
2 2 3 0 // 7 9 6 // 7 9 6
2 clickedStim 10 18 16 11 7
2 rts 1193 528 438 587 769
2 3 4 0 // 2 10 8 3 // 2 10 8 3
2 clickedStim 10 16 13 9 7
2 rts 1029 453 467 528 783
2 3 4 0 // 2 8 5 1 // 2 8 5 1
2 clickedStim 17 11 18 15 19 8
2 rts 826 588 408 364 455 619
2 4 5 0 // 8 2 9 6 10 // 8 2 9 6 10
2 clickedStim 18 17 13 19 16 8
2 rts 1217 364 1309 497 649 1863
2 4 5 0 // 9 8 4 10 7 // 9 8 4 10 7
2 clickedStim 11 14 13 15 18 19 9
2 rts 1282 332 753 559 796 364 594
2 5 6 0 // 1 4 3 5 8 9 // 1 4 3 5 8 9
2 clickedStim 14 16 13 17 12 20 9
2 rts 1758 664 485 783 798 783 664
2 5 6 1 // 4 3 6 7 2 10 // 4 6 3 7 2 10
2 clickedStim 18 19 13 12 14 11 9
2 rts 1730 379 543 438 665 424 784
2 5 6 0 // 8 9 3 2 4 1 // 8 9 3 2 4 1
2 clickedStim 15 19 18 14 16 21 20 10
2 rts 1232 574 528 619 604 709 484 573
2 6 7 0 // 4 8 7 3 5 10 9 // 4 8 7 3 5 10 9
2 clickedStim 15 19 20 12 14 21 17 10
2 rts 781 466 753 663 560 593 618 783
2 6 7 0 // 4 8 9 1 3 10 6 // 4 8 9 1 3 10 6
2 clickedStim 22 19 16 15 20 12 20 14 21 11
2 rts 1825 528 711 693 1470 3950 4257 5942 634 617
2 7 8 1 // 10 7 4 3 5 8 9 2 // 10 7 4 3 8 2 9
2 clickedStim 16 21 22 19 15 17 14 20 11
2 rts 1287 679 648 587 694 621 498 529 738
2 7 8 0 // 4 9 10 7 3 5 2 8 // 4 9 10 7 3 5 2 8
2 clickedStim 19 13 22 17 18 15 21 14 11
2 rts 1162 558 993 500 588 543 483 467 1082
2 7 8 0 // 7 1 10 5 6 3 9 2 // 7 1 10 5 6 3 9 2
2 clickedStim 18 21 23 15 22 20 16 19 14 12
2 rts 2359 470 420 558 678 561 574 280 600 722
2 8 9 1 // 5 9 10 2 8 7 6 3 1 // 5 8 10 2 9 7 3 6 1
2 clickedStim 17 21 18 23 22 15 19 20 14 12
2 rts 1342 993 575 496 872 574 681 918 1203 782
2 8 9 1 // 4 8 5 10 9 2 6 7 3 // 4 8 5 10 9 2 6 7 1
