1 clickedStim 13 11 5
1 rts 1530 679 1269
1 0 2 0 // 7 5 // 7 5
2 clickedStim 12 11 5
2 rts 1249 563 844
2 0 2 0 // 6 5 // 6 5
2 clickedStim 10 9 5
2 rts 1345 659 1080
2 0 2 0 // 4 3 // 4 3
2 clickedStim 13 11 9 6
2 rts 1151 688 534 965
2 2 3 0 // 6 4 2 // 6 4 2
2 clickedStim 8 9 13 6
2 rts 1096 499 598 1078
2 2 3 0 // 1 2 6 // 1 2 6
2 clickedStim 11 14 18 15 7
2 rts 1354 469 636 584 899
2 3 4 0 // 3 6 10 7 // 3 6 10 7
2 clickedStim 11 16 13 9 7
2 rts 1527 651 426 469 922
2 3 4 0 // 3 8 5 1 // 3 8 5 1
2 clickedStim 15 17 19 13 10 8
2 rts 1124 762 1112 748 411 803
2 4 5 0 // 6 8 10 4 1 // 6 8 10 4 1
2 clickedStim 13 10 16 12 15 8
2 rts 1486 544 657 1068 457 1046
2 4 5 0 // 4 1 7 3 6 // 4 1 7 3 6
2 clickedStim 18 12 14 13 19 11 9
2 rts 1522 697 1138 627 431 659 571
2 5 6 0 // 8 2 4 3 9 1 // 8 2 4 3 9 1
2 clickedStim 16 18 19 15 20 17 9
2 rts 1570 593 930 505 578 499 1121
2 5 6 1 // 6 8 5 9 10 7 // 6 8 9 5 10 7
2 clickedStim 12 14 16 17 10 10 10 16 17 20 13 14 9
2 rts 2279 547 609 1166 5791 1434 618 1595 1052 610 690 672 1063
2 5 6 1 // 2 6 7 3 4 10 // 2 6 7 10 3 4
