→→←→→ 0 1 948
←←←←← 1 1 1059
←←←←← 1 1 458
←←←←← 1 1 394
←←→←← 0 1 389
←←←←← 1 1 374
→→→→→ 1 1 398
←←→←← 0 1 513
→→→→→ 1 1 538
←←←←← 1 1 586
←←→←← 0 1 472
←←→←← 0 1 446
→→→→→ 1 1 580
→→→→→ 1 1 420
→→→→→ 1 1 460
→→←→→ 0 1 418
→→→→→ 1 1 482
→→→→→ 1 1 426
←←←←← 1 1 524
←←←←← 1 1 508
←←→←← 0 1 478
→→→→→ 1 1 480
←←→←← 0 1 460
→→→→→ 1 1 520
→→→→→ 1 1 400
→→←→→ 0 1 425
←←→←← 0 1 402
→→→→→ 1 1 400
←←←←← 1 1 407
←←→←← 0 1 401
→→→→→ 1 1 397
←←→←← 0 1 502
←←→←← 0 1 441
→→→→→ 1 1 449
→→←→→ 0 1 480
→→→→→ 1 1 421
→→←→→ 0 1 423
←←→←← 0 1 410
←←←←← 1 1 431
→→→→→ 1 1 396
→→←→→ 0 1 357
→→←→→ 0 1 352
←←→←← 0 1 347
←←←←← 1 1 355
→→←→→ 0 1 398
←←→←← 0 1 367
→→←→→ 0 1 349
→→←→→ 0 1 391
←←←←← 1 1 558
→→→→→ 1 1 369
←←→←← 0 1 514
←←→←← 0 1 459
←←←←← 1 1 460
→→←→→ 0 1 574
→→←→→ 0 1 389
←←→←← 0 1 371
→→←→→ 0 1 376
→→→→→ 1 1 364
←←←←← 1 1 365
←←→←← 0 1 473
←←→←← 0 1 416
→→→→→ 1 1 491
←←→←← 0 1 463
→→←→→ 0 1 399
←←→←← 0 1 394
←←←←← 1 1 408
←←←←← 1 1 389
←←←←← 1 1 367
←←←←← 1 1 365
←←←←← 1 1 376
←←←←← 1 1 380
←←←←← 1 1 345
→→→→→ 1 1 392
→→→→→ 1 1 343
←←→←← 0 1 477
→→→→→ 1 1 438
←←←←← 1 1 430
→→←→→ 0 1 507
←←←←← 1 1 430
→→←→→ 0 1 461
→→←→→ 0 1 453
→→←→→ 0 1 407
→→→→→ 1 1 380
→→←→→ 0 1 372
←←→←← 0 1 363
←←→←← 0 1 340
←←→←← 0 1 348
→→←→→ 0 1 356
→→←→→ 0 1 434
→→←→→ 0 1 366
→→→→→ 1 1 314
→→←→→ 0 1 338
→→→→→ 1 1 328
→→←→→ 0 1 339
→→←→→ 0 1 330
←←←←← 1 1 351
←←←←← 1 1 320
←←→←← 0 1 333
→→→→→ 1 1 296
←←←←← 1 1 295
