←←←←← 1 1 1206
→→←→→ 0 1 568
→→→→→ 1 1 485
→→←→→ 0 1 517
→→→→→ 1 1 542
←←→←← 0 1 528
←←←←← 1 1 451
→→←→→ 0 1 482
←←←←← 1 1 458
→→←→→ 0 1 465
→→←→→ 0 1 417
←←→←← 0 1 446
←←←←← 1 1 408
→→←→→ 0 1 434
→→←→→ 0 1 390
→→←→→ 0 1 537
←←←←← 1 1 358
→→←→→ 0 1 448
→→←→→ 0 1 441
→→→→→ 1 1 448
→→→→→ 1 1 407
→→←→→ 0 1 419
→→←→→ 0 1 386
→→→→→ 1 1 415
→→→→→ 1 1 391
←←→←← 0 1 591
←←→←← 0 1 445
←←→←← 0 1 480
←←←←← 1 1 468
←←←←← 1 1 443
←←←←← 1 1 457
→→←→→ 0 1 411
←←←←← 1 1 361
←←←←← 1 1 349
←←→←← 0 1 406
←←←←← 1 1 425
→→→→→ 1 1 420
←←→←← 0 1 419
←←←←← 1 1 436
←←←←← 1 1 411
→→←→→ 0 1 436
→→←→→ 0 1 419
→→→→→ 1 1 416
←←→←← 0 1 404
→→→→→ 1 1 370
→→→→→ 1 1 332
→→←→→ 0 1 478
←←→←← 0 1 408
→→→→→ 1 1 348
←←←←← 1 1 423
→→←→→ 0 1 370
→→→→→ 1 1 383
→→←→→ 0 1 426
→→←→→ 0 1 435
←←→←← 0 1 385
→→→→→ 1 1 355
←←←←← 1 1 376
←←←←← 1 1 379
←←←←← 1 1 367
←←→←← 0 1 427
→→→→→ 1 1 394
→→→→→ 1 1 384
→→→→→ 1 1 377
→→→→→ 1 1 371
←←←←← 1 1 414
←←→←← 0 1 384
→→←→→ 0 1 372
→→→→→ 1 1 383
←←→←← 0 1 413
→→→→→ 1 1 353
→→→→→ 1 1 364
→→←→→ 0 1 458
←←→←← 0 1 428
←←←←← 1 1 451
←←→←← 0 1 401
←←→←← 0 1 342
→→←→→ 0 1 432
←←→←← 0 1 415
←←←←← 1 1 393
←←→←← 0 1 439
→→←→→ 0 1 412
←←←←← 1 1 313
←←←←← 1 1 413
←←←←← 1 1 394
←←→←← 0 1 711
←←←←← 1 1 448
←←→←← 0 1 607
←←→←← 0 1 418
→→←→→ 0 1 346
→→→→→ 1 1 654
←←←←← 1 1 447
←←→←← 0 1 410
←←→←← 0 1 388
→→→→→ 1 1 387
←←→←← 0 1 422
→→→→→ 1 1 356
→→→→→ 1 1 351
→→←→→ 0 1 451
←←→←← 0 1 456
→→→→→ 1 1 401
