←←←←← 1 2 1314
→→←→→ 0 1 606
←←→←← 0 1 645
→→→→→ 1 1 644
→→←→→ 0 1 588
←←←←← 1 1 552
→→←→→ 0 1 525
←←→←← 0 1 559
→→←→→ 0 1 575
→→→→→ 1 1 635
←←→←← 0 1 871
→→←→→ 0 1 558
←←→←← 0 1 686
→→←→→ 0 1 649
←←→←← 0 1 553
→→←→→ 0 1 674
←←→←← 0 1 546
→→←→→ 0 1 504
→→←→→ 0 1 984
←←→←← 0 1 608
→→←→→ 0 1 559
→→→→→ 1 1 509
→→→→→ 1 1 601
←←←←← 1 1 551
→→←→→ 0 2 779
←←→←← 0 1 776
←←←←← 1 1 493
←←←←← 1 1 596
→→←→→ 0 1 539
←←→←← 0 1 591
←←→←← 0 1 601
←←←←← 1 1 497
→→→→→ 1 1 488
←←→←← 0 1 537
→→←→→ 0 1 566
→→→→→ 1 1 497
→→→→→ 1 1 1083
→→→→→ 1 1 661
→→→→→ 1 1 636
→→→→→ 1 1 510
→→→→→ 1 1 592
←←←←← 1 1 1147
→→←→→ 0 1 831
→→→→→ 1 1 472
←←←←← 1 2 856
→→←→→ 0 1 633
→→→→→ 1 1 688
→→←→→ 0 1 715
→→←→→ 0 2 777
→→→→→ 1 1 753
←←→←← 0 1 920
→→←→→ 0 1 617
←←←←← 1 1 542
→→→→→ 1 1 597
→→←→→ 0 3 2000
→→→→→ 1 1 624
→→→→→ 1 1 548
←←←←← 1 1 563
→→→→→ 1 1 736
←←←←← 1 2 636
→→←→→ 0 1 566
←←←←← 1 1 476
←←→←← 0 1 546
→→→→→ 1 1 555
→→→→→ 1 1 477
→→←→→ 0 1 633
→→→→→ 1 1 517
→→→→→ 1 1 470
←←→←← 0 1 486
→→←→→ 0 1 591
→→←→→ 0 1 495
←←→←← 0 1 688
←←←←← 1 1 577
←←←←← 1 1 781
←←→←← 0 1 572
→→→→→ 1 1 520
→→←→→ 0 1 594
←←←←← 1 1 506
→→←→→ 0 1 575
←←→←← 0 1 569
←←→←← 0 1 564
←←←←← 1 1 561
←←←←← 1 1 567
←←→←← 0 1 742
←←←←← 1 2 606
←←→←← 0 1 749
←←←←← 1 1 844
←←→←← 0 1 1076
←←←←← 1 1 613
→→→→→ 1 1 499
←←←←← 1 1 653
←←→←← 0 1 683
→→→→→ 1 1 496
←←←←← 1 1 856
←←←←← 1 1 781
←←←←← 1 1 873
←←→←← 0 2 581
←←→←← 0 1 725
←←←←← 1 1 548
←←→←← 0 1 558
