→→←→→ 0 3 2000
→→→→→ 1 1 707
←←→←← 0 1 560
→→→→→ 1 1 486
→→←→→ 0 1 496
→→→→→ 1 1 572
←←←←← 1 1 456
←←←←← 1 1 509
→→←→→ 0 1 646
→→←→→ 0 1 529
←←→←← 0 1 515
←←←←← 1 1 519
→→→→→ 1 1 486
←←→←← 0 1 461
←←←←← 1 1 482
→→←→→ 0 1 561
←←→←← 0 1 512
←←←←← 1 1 450
←←→←← 0 1 435
→→←→→ 0 1 439
→→→→→ 1 1 433
←←→←← 0 1 475
→→←→→ 0 1 459
←←←←← 1 1 494
←←←←← 1 1 473
←←←←← 1 1 483
→→←→→ 0 1 462
→→←→→ 0 1 481
→→→→→ 1 1 455
←←→←← 0 1 393
←←→←← 0 1 385
→→→→→ 1 1 448
←←→←← 0 1 425
←←→←← 0 1 590
→→←→→ 0 1 451
→→←→→ 0 1 442
←←→←← 0 1 417
←←←←← 1 1 417
→→←→→ 0 1 450
→→→→→ 1 1 454
→→→→→ 1 1 463
→→←→→ 0 1 431
←←→←← 0 1 379
→→←→→ 0 1 390
→→←→→ 0 1 518
→→←→→ 0 1 417
→→←→→ 0 1 393
←←←←← 1 1 406
←←←←← 1 1 361
←←→←← 0 1 396
←←→←← 0 1 409
←←←←← 1 1 442
→→→→→ 1 1 439
→→←→→ 0 1 395
→→→→→ 1 1 374
→→→→→ 1 1 412
→→←→→ 0 1 459
←←→←← 0 1 489
→→←→→ 0 1 431
→→→→→ 1 1 419
←←→←← 0 1 377
←←→←← 0 1 454
←←←←← 1 1 405
→→→→→ 1 1 430
←←←←← 1 1 392
→→→→→ 1 1 417
←←→←← 0 1 394
←←→←← 0 1 423
←←→←← 0 1 408
→→←→→ 0 1 403
←←→←← 0 1 418
←←←←← 1 1 472
→→←→→ 0 1 455
→→→→→ 1 1 404
←←←←← 1 1 453
←←←←← 1 1 401
←←→←← 0 1 452
→→→→→ 1 1 428
→→→→→ 1 1 414
→→→→→ 1 1 412
→→→→→ 1 1 404
←←→←← 0 1 419
←←←←← 1 1 408
→→→→→ 1 2 426
←←←←← 1 1 498
←←←←← 1 1 356
→→→→→ 1 1 419
←←←←← 1 1 482
←←←←← 1 1 396
→→←→→ 0 1 448
←←→←← 0 1 396
←←←←← 1 1 384
→→←→→ 0 1 365
←←→←← 0 1 404
→→←→→ 0 1 455
←←←←← 1 1 405
→→→→→ 1 1 425
→→→→→ 1 1 404
→→→→→ 1 1 409
←←←←← 1 1 412
