→→←→→ 0 1 1678
→→→→→ 1 1 1095
→→→→→ 1 1 1322
→→→→→ 1 1 976
→→←→→ 0 1 916
→→←→→ 0 1 825
←←→←← 0 1 978
→→→→→ 1 1 796
→→→→→ 1 1 856
←←←←← 1 1 781
→→→→→ 1 1 871
→→→→→ 1 1 856
→→←→→ 0 1 751
→→→→→ 1 1 781
←←←←← 1 1 751
←←←←← 1 1 736
←←←←← 1 1 735
←←→←← 0 1 960
→→←→→ 0 1 767
←←←←← 1 1 781
→→→→→ 1 1 840
←←→←← 0 1 976
←←→←← 0 1 796
→→←→→ 0 1 769
←←→←← 0 1 793
←←→←← 0 1 737
←←→←← 0 1 721
←←←←← 1 1 706
→→←→→ 0 1 631
←←→←← 0 1 736
←←←←← 1 1 661
←←→←← 0 1 736
←←→←← 0 1 676
←←←←← 1 1 691
←←→←← 0 1 723
←←←←← 1 1 629
←←←←← 1 1 661
←←←←← 1 1 661
→→←→→ 0 1 706
←←←←← 1 1 661
→→→→→ 1 1 796
→→→→→ 1 1 437
→→←→→ 0 1 765
←←←←← 1 1 649
←←→←← 0 1 764
←←→←← 0 1 478
→→←→→ 0 1 706
→→←→→ 0 1 677
→→→→→ 1 1 765
→→→→→ 1 1 466
→→←→→ 0 1 751
→→←→→ 0 1 722
←←←←← 1 1 705
→→→→→ 1 1 782
→→→→→ 1 1 706
←←←←← 1 1 751
→→→→→ 1 1 811
←←→←← 0 1 780
←←→←← 0 1 692
←←→←← 0 1 721
→→←→→ 0 1 900
→→←→→ 0 1 753
←←←←← 1 1 748
←←→←← 0 1 781
←←→←← 0 1 707
→→←→→ 0 1 765
→→→→→ 1 1 722
→→→→→ 1 1 811
←←←←← 1 1 735
→→←→→ 0 1 692
→→←→→ 0 1 781
←←←←← 1 1 677
←←→←← 0 1 780
←←←←← 1 1 706
←←→←← 0 1 647
←←→←← 0 1 691
→→←→→ 0 1 766
→→→→→ 1 1 691
←←←←← 1 1 750
←←←←← 1 1 632
→→→→→ 1 1 692
→→←→→ 0 1 721
→→→→→ 1 1 706
→→→→→ 1 1 691
←←←←← 1 1 721
→→←→→ 0 1 661
→→←→→ 0 1 721
→→←→→ 0 1 842
→→←→→ 0 1 766
←←→←← 0 1 1006
→→→→→ 1 1 706
←←→←← 0 1 675
←←→←← 0 1 691
→→←→→ 0 1 737
→→→→→ 1 1 811
→→→→→ 1 1 721
←←→←← 0 1 721
←←←←← 1 1 766
←←←←← 1 1 781
←←←←← 1 1 691
