←←→←← 0 1 1156
→→←→→ 0 1 831
→→→→→ 1 1 829
←←→←← 0 1 625
←←→←← 0 1 563
←←←←← 1 1 642
←←←←← 1 1 632
→→→→→ 1 1 516
←←→←← 0 1 510
→→←→→ 0 1 650
←←←←← 1 1 572
→→→→→ 1 1 575
←←←←← 1 1 667
←←→←← 0 1 576
←←←←← 1 1 589
→→←→→ 0 1 878
→→←→→ 0 1 531
→→←→→ 0 1 574
←←←←← 1 1 524
→→→→→ 1 1 608
→→←→→ 0 1 582
→→→→→ 1 1 612
→→←→→ 0 1 543
←←→←← 0 1 638
←←→←← 0 1 552
←←→←← 0 1 568
→→←→→ 0 1 517
←←←←← 1 1 553
←←←←← 1 1 529
→→←→→ 0 1 550
→→←→→ 0 1 521
→→←→→ 0 1 530
←←→←← 0 1 514
←←→←← 0 1 545
←←←←← 1 1 528
→→→→→ 1 1 569
←←←←← 1 1 597
→→→→→ 1 1 507
←←→←← 0 1 563
←←←←← 1 1 479
←←←←← 1 1 464
→→→→→ 1 1 536
←←→←← 0 1 520
→→→→→ 1 1 493
←←←←← 1 1 486
→→→→→ 1 1 515
→→←→→ 0 1 477
←←→←← 0 1 551
→→←→→ 0 1 486
→→←→→ 0 1 527
→→→→→ 1 1 515
←←←←← 1 1 510
←←←←← 1 1 469
→→→→→ 1 1 506
→→→→→ 1 1 457
←←←←← 1 1 453
→→→→→ 1 1 463
←←←←← 1 1 443
→→→→→ 1 1 473
←←→←← 0 1 551
→→←→→ 0 1 514
→→←→→ 0 1 516
←←←←← 1 1 484
→→→→→ 1 1 466
←←→←← 0 1 464
←←←←← 1 1 478
←←←←← 1 1 438
→→←→→ 0 1 479
→→→→→ 1 1 471
←←→←← 0 1 452
→→←→→ 0 1 448
←←←←← 1 1 419
←←→←← 0 1 500
→→→→→ 1 1 434
→→→→→ 1 1 421
→→←→→ 0 1 463
→→→→→ 1 1 487
←←←←← 1 1 431
→→←→→ 0 1 519
→→→→→ 1 1 474
→→←→→ 0 1 459
→→→→→ 1 1 432
←←→←← 0 1 486
←←→←← 0 1 548
→→→→→ 1 1 458
←←←←← 1 1 436
←←→←← 0 1 621
←←→←← 0 1 528
←←→←← 0 1 509
←←←←← 1 1 472
→→←→→ 0 1 499
←←→←← 0 1 552
←←→←← 0 1 468
→→←→→ 0 1 483
→→←→→ 0 1 519
→→→→→ 1 1 455
←←←←← 1 1 437
→→→→→ 1 1 480
→→←→→ 0 1 459
←←→←← 0 1 499
