←←←←← 1 1 1653
→→→→→ 1 1 553
→→→→→ 1 1 650
→→→→→ 1 1 605
→→←→→ 0 1 624
→→←→→ 0 1 516
→→←→→ 0 1 506
→→→→→ 1 1 519
→→←→→ 0 1 513
←←←←← 1 1 486
←←←←← 1 1 519
←←→←← 0 1 520
←←→←← 0 1 557
→→→→→ 1 1 473
←←←←← 1 1 460
→→←→→ 0 1 509
←←→←← 0 1 480
→→←→→ 0 1 508
←←←←← 1 1 425
←←←←← 1 1 402
←←→←← 0 1 488
←←←←← 1 1 450
←←←←← 1 1 442
→→←→→ 0 1 468
→→←→→ 0 1 531
←←←←← 1 1 426
←←→←← 0 1 503
←←→←← 0 1 488
←←→←← 0 1 488
→→→→→ 1 1 452
→→←→→ 0 1 500
←←→←← 0 1 663
→→→→→ 1 1 423
→→←→→ 0 1 449
→→←→→ 0 1 403
→→←→→ 0 1 387
←←←←← 1 1 450
→→→→→ 1 1 499
←←→←← 0 1 457
→→←→→ 0 1 386
→→→→→ 1 1 449
→→→→→ 1 1 434
←←→←← 0 1 559
←←←←← 1 1 472
→→→→→ 1 1 617
←←→←← 0 1 425
←←→←← 0 1 446
→→→→→ 1 1 502
→→←→→ 0 1 442
←←→←← 0 1 459
→→→→→ 1 1 429
←←→←← 0 1 505
→→←→→ 0 1 466
→→→→→ 1 1 461
→→→→→ 1 1 432
←←←←← 1 1 371
→→←→→ 0 1 538
→→←→→ 0 1 493
→→→→→ 1 1 478
→→→→→ 1 1 431
←←→←← 0 1 412
←←←←← 1 1 437
←←←←← 1 1 336
←←→←← 0 1 459
←←→←← 0 1 457
→→←→→ 0 1 388
←←→←← 0 1 395
←←←←← 1 1 425
←←→←← 0 1 399
→→←→→ 0 1 438
→→←→→ 0 1 437
←←←←← 1 1 424
←←→←← 0 1 480
←←→←← 0 1 467
→→→→→ 1 1 416
←←→←← 0 1 414
←←←←← 1 1 379
→→→→→ 1 1 481
→→→→→ 1 1 459
→→→→→ 1 1 436
→→→→→ 1 1 419
→→→→→ 1 1 397
←←←←← 1 1 476
←←→←← 0 1 442
→→→→→ 1 1 428
→→←→→ 0 1 464
→→←→→ 0 1 424
←←←←← 1 1 371
←←←←← 1 1 393
→→←→→ 0 1 411
←←←←← 1 1 410
→→←→→ 0 1 396
←←→←← 0 1 453
←←←←← 1 1 406
→→→→→ 1 1 474
←←→←← 0 1 435
←←←←← 1 1 448
→→←→→ 0 1 377
←←←←← 1 1 435
←←←←← 1 1 429
