→→→→→ 1 1 1128
←←→←← 0 1 570
→→→→→ 1 1 422
←←→←← 0 1 437
←←→←← 0 1 480
←←→←← 0 1 367
→→→→→ 1 1 377
←←←←← 1 1 475
←←→←← 0 1 451
→→→→→ 1 1 1387
→→←→→ 0 1 491
→→←→→ 0 1 428
→→←→→ 0 1 403
←←←←← 1 1 405
←←←←← 1 1 375
←←→←← 0 1 385
←←←←← 1 1 420
←←←←← 1 1 413
←←→←← 0 1 415
→→←→→ 0 1 424
←←←←← 1 1 401
→→→→→ 1 1 395
→→→→→ 1 1 399
→→←→→ 0 1 473
→→→→→ 1 1 408
←←→←← 0 1 425
←←→←← 0 1 410
←←←←← 1 1 410
←←→←← 0 1 443
←←→←← 0 1 396
←←→←← 0 1 350
←←→←← 0 1 435
→→→→→ 1 1 403
→→→→→ 1 1 389
←←→←← 0 1 375
←←←←← 1 1 473
→→→→→ 1 1 469
→→←→→ 0 1 425
→→←→→ 0 1 432
←←←←← 1 1 427
←←←←← 1 1 356
→→→→→ 1 1 440
←←→←← 0 1 520
←←←←← 1 1 445
←←→←← 0 1 484
→→←→→ 0 1 443
→→→→→ 1 1 347
→→→→→ 1 1 369
←←→←← 0 1 519
→→←→→ 0 1 455
→→→→→ 1 1 430
→→←→→ 0 1 511
→→←→→ 0 1 439
→→→→→ 1 1 382
→→←→→ 0 1 425
←←←←← 1 1 338
→→→→→ 1 1 342
→→→→→ 1 1 323
←←→←← 0 2 528
→→←→→ 0 1 563
←←→←← 0 1 383
←←←←← 1 1 434
→→→→→ 1 1 381
→→←→→ 0 1 439
→→←→→ 0 1 479
→→←→→ 0 1 396
→→←→→ 0 1 402
←←→←← 0 1 387
←←→←← 0 1 377
←←←←← 1 1 425
←←→←← 0 1 426
←←→←← 0 1 467
←←←←← 1 1 442
→→←→→ 0 1 427
→→←→→ 0 1 386
←←→←← 0 1 421
→→←→→ 0 1 438
→→←→→ 0 1 368
←←←←← 1 1 435
→→→→→ 1 1 420
←←←←← 1 1 452
←←←←← 1 1 372
→→←→→ 0 1 391
→→→→→ 1 1 401
←←←←← 1 1 538
→→→→→ 1 1 391
→→←→→ 0 1 450
←←←←← 1 1 481
→→→→→ 1 1 648
←←←←← 1 1 504
→→←→→ 0 1 421
→→→→→ 1 1 958
→→→→→ 1 1 490
←←←←← 1 1 584
→→←→→ 0 1 538
←←←←← 1 1 1015
←←←←← 1 1 592
→→→→→ 1 1 514
←←→←← 0 1 728
←←←←← 1 1 556
