→→←→→ 0 3 2000
→→→→→ 1 3 2000
←←←←← 1 1 968
←←←←← 1 1 533
←←←←← 1 1 430
→→←→→ 0 1 478
→→→→→ 1 1 462
←←←←← 1 1 486
→→→→→ 1 1 439
→→→→→ 1 1 429
←←→←← 0 1 820
→→←→→ 0 1 476
←←←←← 1 1 473
→→→→→ 1 1 423
←←→←← 0 1 463
→→←→→ 0 1 436
→→←→→ 0 1 431
→→→→→ 1 1 474
←←→←← 0 1 450
→→→→→ 1 1 409
←←→←← 0 1 473
←←←←← 1 1 402
→→←→→ 0 1 422
←←←←← 1 1 425
←←→←← 0 1 460
←←→←← 0 1 408
←←→←← 0 1 437
→→←→→ 0 1 439
←←←←← 1 1 421
←←→←← 0 1 465
←←←←← 1 1 419
←←←←← 1 1 416
→→→→→ 1 1 402
←←←←← 1 1 444
→→←→→ 0 1 446
→→←→→ 0 1 389
←←←←← 1 1 576
→→→→→ 1 1 438
→→←→→ 0 1 415
←←←←← 1 1 396
←←→←← 0 1 458
→→→→→ 1 1 375
←←→←← 0 1 451
←←→←← 0 1 462
←←←←← 1 1 454
→→←→→ 0 1 520
←←→←← 0 1 438
→→→→→ 1 1 508
→→→→→ 1 1 421
→→←→→ 0 1 448
←←←←← 1 1 389
←←→←← 0 1 439
←←←←← 1 1 504
←←←←← 1 1 357
←←→←← 0 1 441
→→→→→ 1 1 395
←←→←← 0 1 416
→→→→→ 1 1 377
→→→→→ 1 1 382
→→←→→ 0 1 399
←←←←← 1 1 366
→→←→→ 0 2 383
←←→←← 0 1 685
→→←→→ 0 1 435
←←→←← 0 1 420
→→→→→ 1 1 404
→→←→→ 0 1 461
←←→←← 0 1 584
→→←→→ 0 1 434
→→→→→ 1 1 401
←←←←← 1 1 417
←←→←← 0 1 409
→→←→→ 0 1 459
→→→→→ 1 1 402
←←→←← 0 1 394
→→→→→ 1 1 399
→→→→→ 1 1 342
→→→→→ 1 1 389
←←←←← 1 1 405
←←→←← 0 1 422
→→→→→ 1 1 404
→→→→→ 1 1 416
←←→←← 0 1 451
→→←→→ 0 1 442
←←→←← 0 1 387
←←←←← 1 1 406
→→←→→ 0 1 475
←←←←← 1 1 399
←←←←← 1 1 406
→→→→→ 1 1 601
→→→→→ 1 1 427
←←←←← 1 1 393
→→←→→ 0 1 428
→→←→→ 0 1 421
←←←←← 1 1 408
←←→←← 0 1 425
→→←→→ 0 1 597
←←→←← 0 1 445
→→←→→ 0 1 432
→→←→→ 0 1 463
