→→→→→ 1 1 1120
→→→→→ 1 1 517
←←→←← 0 1 704
→→←→→ 0 1 601
→→←→→ 0 1 533
→→→→→ 1 1 481
→→←→→ 0 1 480
←←←←← 1 1 501
←←←←← 1 1 455
→→→→→ 1 1 496
→→→→→ 1 1 432
←←→←← 0 1 579
←←←←← 1 1 577
←←←←← 1 1 522
→→←→→ 0 1 464
→→→→→ 1 1 424
←←→←← 0 1 413
←←→←← 0 1 452
←←→←← 0 1 405
←←←←← 1 1 554
←←←←← 1 1 448
→→→→→ 1 1 430
→→←→→ 0 1 448
←←→←← 0 1 396
←←←←← 1 1 373
←←→←← 0 1 394
←←←←← 1 1 409
→→→→→ 1 1 392
←←→←← 0 1 436
→→←→→ 0 1 423
→→→→→ 1 1 416
←←←←← 1 1 377
→→←→→ 0 1 470
←←←←← 1 1 430
→→←→→ 0 1 455
←←←←← 1 1 375
←←→←← 0 1 413
→→→→→ 1 1 377
→→→→→ 1 1 391
←←→←← 0 1 438
←←←←← 1 1 442
→→→→→ 1 1 386
→→←→→ 0 1 430
→→←→→ 0 1 464
←←←←← 1 1 462
←←→←← 0 1 457
→→←→→ 0 1 451
←←→←← 0 1 474
→→→→→ 1 1 444
→→←→→ 0 1 458
→→←→→ 0 1 451
→→←→→ 0 1 445
←←→←← 0 1 463
→→→→→ 1 1 405
←←→←← 0 1 464
→→←→→ 0 1 474
→→←→→ 0 1 466
→→→→→ 1 1 554
→→→→→ 1 1 572
←←→←← 0 1 565
→→←→→ 0 1 520
→→←→→ 0 1 503
←←→←← 0 1 437
→→→→→ 1 1 405
←←←←← 1 1 447
←←←←← 1 1 386
→→←→→ 0 1 469
←←→←← 0 1 489
→→←→→ 0 1 429
←←←←← 1 1 393
←←←←← 1 1 419
←←→←← 0 1 483
←←←←← 1 1 453
←←←←← 1 1 438
←←←←← 1 1 447
→→→→→ 1 1 465
←←←←← 1 1 369
→→→→→ 1 1 391
←←→←← 0 1 457
→→←→→ 0 1 419
→→→→→ 1 1 390
←←←←← 1 1 466
←←←←← 1 1 409
→→←→→ 0 1 459
←←→←← 0 1 453
←←←←← 1 1 396
→→→→→ 1 1 457
→→→→→ 1 1 377
←←→←← 0 1 476
←←→←← 0 1 504
→→←→→ 0 1 493
→→←→→ 0 1 490
←←→←← 0 1 585
←←←←← 1 1 590
→→←→→ 0 1 456
→→→→→ 1 1 418
→→→→→ 1 1 408
←←→←← 0 1 528
→→→→→ 1 1 362
←←→←← 0 1 401
