←←←←← 1 1 1994
→→→→→ 1 1 648
→→←→→ 0 1 733
→→←→→ 0 1 655
→→→→→ 1 1 557
←←←←← 1 1 475
←←→←← 0 1 458
→→←→→ 0 1 447
→→→→→ 1 1 430
→→→→→ 1 1 406
→→←→→ 0 1 412
→→→→→ 1 1 451
→→→→→ 1 1 411
←←→←← 0 1 828
←←←←← 1 1 554
←←←←← 1 1 480
←←←←← 1 1 442
←←←←← 1 1 398
←←→←← 0 1 375
→→←→→ 0 1 437
←←←←← 1 1 429
←←→←← 0 1 441
←←→←← 0 1 430
←←←←← 1 1 402
←←←←← 1 1 382
→→→→→ 1 1 398
→→→→→ 1 1 382
→→→→→ 1 1 368
←←←←← 1 1 403
→→←→→ 0 1 400
←←→←← 0 1 376
←←←←← 1 1 385
←←←←← 1 1 386
←←→←← 0 1 385
←←←←← 1 1 374
→→←→→ 0 1 380
←←←←← 1 1 389
→→←→→ 0 1 402
←←←←← 1 1 367
→→→→→ 1 1 381
→→←→→ 0 1 394
→→→→→ 1 1 333
→→→→→ 1 1 357
→→←→→ 0 1 406
→→→→→ 1 2 392
←←→←← 0 1 540
→→←→→ 0 1 389
→→←→→ 0 1 411
←←←←← 1 1 400
→→←→→ 0 1 420
←←→←← 0 1 430
←←→←← 0 1 395
←←→←← 0 1 400
→→←→→ 0 1 421
→→→→→ 1 1 399
←←→←← 0 1 371
→→→→→ 1 1 370
←←←←← 1 1 382
←←←←← 1 1 388
→→→→→ 1 1 365
→→←→→ 0 1 384
→→→→→ 1 1 390
→→←→→ 0 1 392
→→←→→ 0 1 380
→→→→→ 1 1 381
→→→→→ 1 1 346
→→←→→ 0 1 410
←←→←← 0 1 375
←←→←← 0 1 357
→→←→→ 0 1 406
←←→←← 0 1 356
←←←←← 1 1 412
←←→←← 0 1 363
→→→→→ 1 1 355
←←→←← 0 1 390
←←←←← 1 1 392
←←→←← 0 1 385
→→→→→ 1 1 356
→→←→→ 0 1 402
←←←←← 1 1 388
→→←→→ 0 1 402
→→←→→ 0 1 397
←←←←← 1 1 387
←←→←← 0 1 394
→→←→→ 0 1 404
→→→→→ 1 1 347
←←→←← 0 1 377
←←→←← 0 1 423
←←←←← 1 1 410
←←→←← 0 1 364
→→←→→ 0 1 394
→→→→→ 1 1 364
←←→←← 0 1 335
→→→→→ 1 1 351
→→←→→ 0 1 418
←←→←← 0 1 419
←←→←← 0 1 374
→→→→→ 1 1 315
←←←←← 1 1 365
←←←←← 1 1 364
