←←→←← 0 1 805
→→→→→ 1 1 527
→→←→→ 0 1 473
←←→←← 0 1 476
→→→→→ 1 1 419
←←←←← 1 1 411
←←←←← 1 1 413
→→←→→ 0 1 511
→→→→→ 1 1 419
←←←←← 1 1 419
→→→→→ 1 1 464
←←←←← 1 1 378
←←→←← 0 1 397
←←→←← 0 1 399
→→→→→ 1 1 380
←←→←← 0 1 423
←←←←← 1 1 434
←←←←← 1 1 365
→→←→→ 0 2 423
←←→←← 0 1 526
→→→→→ 1 1 407
←←←←← 1 1 409
→→←→→ 0 1 437
→→→→→ 1 1 421
←←←←← 1 1 408
→→→→→ 1 1 428
→→→→→ 1 1 411
→→→→→ 1 1 384
←←←←← 1 1 437
←←←←← 1 1 374
→→←→→ 0 1 395
→→←→→ 0 1 420
→→→→→ 1 1 392
→→→→→ 1 1 389
←←→←← 0 1 480
←←←←← 1 1 440
←←→←← 0 1 411
→→→→→ 1 1 413
←←←←← 1 1 468
←←→←← 0 1 405
→→←→→ 0 1 425
→→→→→ 1 1 398
←←→←← 0 1 409
→→→→→ 1 1 352
←←→←← 0 1 372
→→→→→ 1 1 407
→→←→→ 0 1 469
→→→→→ 1 1 399
←←→←← 0 1 445
→→←→→ 0 1 438
→→←→→ 0 1 387
←←←←← 1 1 374
→→←→→ 0 1 421
→→→→→ 1 1 433
→→←→→ 0 1 434
→→→→→ 1 1 416
→→←→→ 0 1 395
→→←→→ 0 1 425
←←→←← 0 1 401
←←←←← 1 1 329
←←←←← 1 1 399
←←→←← 0 1 468
←←→←← 0 1 362
←←→←← 0 1 357
←←→←← 0 1 367
→→←→→ 0 1 468
←←→←← 0 1 418
←←←←← 1 1 439
←←←←← 1 1 383
→→→→→ 1 1 397
←←→←← 0 1 416
←←←←← 1 1 385
←←→←← 0 1 401
→→←→→ 0 1 424
→→→→→ 1 1 358
→→←→→ 0 1 355
←←→←← 0 1 420
←←←←← 1 1 368
→→←→→ 0 1 439
→→→→→ 1 1 340
←←→←← 0 1 370
←←←←← 1 1 398
→→←→→ 0 1 404
→→→→→ 1 1 414
←←←←← 1 1 388
→→←→→ 0 1 335
→→→→→ 1 1 388
←←←←← 1 1 422
←←←←← 1 1 346
→→←→→ 0 1 467
→→←→→ 0 1 374
←←→←← 0 1 399
←←←←← 1 1 401
→→←→→ 0 1 384
→→←→→ 0 1 350
←←→←← 0 1 400
←←→←← 0 1 357
→→→→→ 1 1 426
←←←←← 1 1 416
→→←→→ 0 1 376
