→→→→→ 1 1 1900
→→←→→ 0 1 718
←←←←← 1 1 631
→→→→→ 1 1 531
→→←→→ 0 1 562
→→→→→ 1 1 544
←←→←← 0 1 735
←←→←← 0 1 552
←←→←← 0 1 535
←←←←← 1 1 609
→→←→→ 0 1 700
→→→→→ 1 1 479
←←←←← 1 1 492
→→→→→ 1 1 534
→→←→→ 0 1 460
←←→←← 0 1 529
→→←→→ 0 1 441
→→←→→ 0 1 695
→→←→→ 0 1 570
→→←→→ 0 1 514
←←←←← 1 1 532
←←→←← 0 1 537
→→→→→ 1 1 524
←←→←← 0 1 538
→→←→→ 0 1 610
→→←→→ 0 1 595
←←←←← 1 1 445
←←←←← 1 1 501
→→→→→ 1 1 534
→→→→→ 1 1 530
←←←←← 1 1 609
←←→←← 0 1 532
←←←←← 1 1 550
←←←←← 1 1 514
←←→←← 0 1 566
→→→→→ 1 1 513
→→→→→ 1 1 539
→→←→→ 0 1 524
←←→←← 0 1 573
→→→→→ 1 1 524
←←←←← 1 1 546
←←←←← 1 1 542
→→←→→ 0 1 531
←←→←← 0 1 530
→→←→→ 0 1 582
←←→←← 0 1 489
→→→→→ 1 1 644
→→←→→ 0 1 506
←←→←← 0 1 508
→→→→→ 1 1 556
←←→←← 0 1 522
←←→←← 0 1 503
→→←→→ 0 1 606
→→←→→ 0 1 524
→→←→→ 0 1 531
←←→←← 0 1 504
→→←→→ 0 1 561
←←←←← 1 1 524
→→→→→ 1 1 612
←←←←← 1 1 550
→→→→→ 1 1 470
←←←←← 1 1 506
←←←←← 1 1 510
←←←←← 1 1 407
→→←→→ 0 1 438
←←→←← 0 1 520
←←←←← 1 1 722
←←←←← 1 1 513
←←←←← 1 1 710
←←←←← 1 1 498
→→→→→ 1 1 503
→→←→→ 0 1 557
←←→←← 0 1 506
→→←→→ 0 1 553
→→←→→ 0 1 661
→→→→→ 1 1 546
→→→→→ 1 1 568
→→→→→ 1 1 491
←←←←← 1 1 476
←←→←← 0 1 686
→→→→→ 1 1 587
←←←←← 1 1 508
→→→→→ 1 1 549
←←→←← 0 1 530
→→→→→ 1 1 506
←←←←← 1 1 534
←←→←← 0 1 524
←←→←← 0 1 468
←←→←← 0 1 507
→→→→→ 1 1 508
→→→→→ 1 1 472
←←←←← 1 1 498
→→←→→ 0 1 537
←←←←← 1 1 503
→→←→→ 0 1 393
←←→←← 0 1 517
←←→←← 0 1 476
→→→→→ 1 1 459
←←→←← 0 1 464
→→←→→ 0 1 533
