←←→←← 0 1 1419
→→→→→ 1 1 912
←←←←← 1 3 2000
→→←→→ 0 1 1072
→→→→→ 1 1 1254
←←←←← 1 1 564
→→→→→ 1 1 636
←←→←← 0 1 940
→→←→→ 0 1 731
←←→←← 0 2 520
←←←←← 1 1 544
→→←→→ 0 1 810
←←←←← 1 1 840
→→→→→ 1 1 557
→→→→→ 1 1 700
←←→←← 0 1 533
←←→←← 0 1 716
←←←←← 1 1 467
←←→←← 0 1 602
←←→←← 0 1 596
←←→←← 0 1 561
→→→→→ 1 1 507
→→→→→ 1 1 474
←←→←← 0 1 508
→→←→→ 0 1 747
→→←→→ 0 1 521
→→→→→ 1 1 512
→→→→→ 1 1 828
←←←←← 1 1 506
←←←←← 1 1 448
←←←←← 1 1 736
→→→→→ 1 1 541
←←←←← 1 1 488
←←→←← 0 1 507
←←←←← 1 1 524
←←←←← 1 1 489
←←←←← 1 1 478
←←→←← 0 1 458
→→←→→ 0 1 765
→→→→→ 1 1 466
→→←→→ 0 1 530
→→←→→ 0 1 616
→→←→→ 0 1 574
→→←→→ 0 1 521
←←→←← 0 1 637
→→←→→ 0 1 470
→→←→→ 0 1 613
←←←←← 1 1 629
←←←←← 1 1 798
→→←→→ 0 1 733
→→→→→ 1 1 509
→→→→→ 1 1 456
←←→←← 0 1 1246
→→→→→ 1 1 1031
→→→→→ 1 1 443
→→→→→ 1 1 500
←←→←← 0 1 835
→→←→→ 0 1 451
←←→←← 0 1 823
→→→→→ 1 1 481
←←←←← 1 1 500
→→←→→ 0 1 778
←←←←← 1 1 448
←←←←← 1 1 426
←←→←← 0 1 499
→→←→→ 0 1 575
→→←→→ 0 1 473
←←←←← 1 1 439
←←→←← 0 1 530
→→←→→ 0 1 486
→→→→→ 1 1 411
→→←→→ 0 1 372
→→←→→ 0 1 555
←←→←← 0 1 648
←←→←← 0 1 569
→→→→→ 1 1 449
→→←→→ 0 1 479
←←→←← 0 1 555
→→→→→ 1 1 714
←←←←← 1 1 486
→→→→→ 1 1 481
←←←←← 1 1 621
→→→→→ 1 1 445
←←←←← 1 1 396
→→←→→ 0 1 492
→→→→→ 1 1 450
←←←←← 1 1 370
→→←→→ 0 1 716
←←→←← 0 1 613
→→←→→ 0 1 462
←←←←← 1 1 716
→→→→→ 1 1 525
←←→←← 0 1 485
←←←←← 1 1 618
→→→→→ 1 1 482
←←→←← 0 2 452
→→←→→ 0 1 480
←←←←← 1 1 528
←←→←← 0 1 458
←←→←← 0 1 488
