→→←→→ 0 1 978
←←→←← 0 1 609
→→→→→ 1 1 521
←←←←← 1 1 506
←←→←← 0 1 531
←←→←← 0 1 538
→→←→→ 0 1 477
→→←→→ 0 1 486
→→←→→ 0 1 491
→→→→→ 1 1 468
←←→←← 0 1 519
←←→←← 0 1 465
→→←→→ 0 1 512
→→←→→ 0 1 461
←←→←← 0 1 556
←←←←← 1 1 456
→→→→→ 1 1 476
←←←←← 1 1 470
←←←←← 1 1 460
→→→→→ 1 1 507
←←←←← 1 1 394
←←→←← 0 1 489
→→→→→ 1 1 423
←←→←← 0 2 441
→→←→→ 0 1 519
→→←→→ 0 1 498
→→→→→ 1 1 425
←←→←← 0 1 481
←←←←← 1 1 465
←←←←← 1 1 441
→→→→→ 1 1 429
←←←←← 1 1 438
→→→→→ 1 1 424
→→←→→ 0 1 510
→→←→→ 0 1 457
→→→→→ 1 1 451
←←→←← 0 1 435
←←→←← 0 1 422
←←←←← 1 1 502
←←→←← 0 1 446
→→←→→ 0 1 433
→→→→→ 1 1 464
←←→←← 0 1 449
→→→→→ 1 1 411
←←←←← 1 1 413
→→→→→ 1 1 462
←←→←← 0 1 442
←←←←← 1 1 454
→→←→→ 0 1 473
←←→←← 0 1 457
←←→←← 0 1 554
→→→→→ 1 1 387
→→→→→ 1 1 370
→→→→→ 1 1 378
→→→→→ 1 1 426
←←←←← 1 1 441
←←←←← 1 1 358
→→←→→ 0 1 383
←←←←← 1 1 384
←←←←← 1 1 332
←←←←← 1 1 325
←←→←← 0 1 456
→→→→→ 1 1 382
←←→←← 0 1 428
→→←→→ 0 1 452
←←←←← 1 1 371
←←→←← 0 1 442
←←→←← 0 1 406
→→→→→ 1 1 407
→→←→→ 0 1 466
←←←←← 1 1 387
→→→→→ 1 1 419
→→→→→ 1 1 371
→→→→→ 1 1 348
←←←←← 1 1 436
←←→←← 0 1 437
→→←→→ 0 1 426
→→←→→ 0 1 415
→→←→→ 0 2 408
→→←→→ 0 1 382
→→←→→ 0 1 434
←←→←← 0 1 473
→→→→→ 1 1 539
←←←←← 1 1 433
←←←←← 1 1 396
→→←→→ 0 1 414
←←→←← 0 1 534
←←←←← 1 1 508
→→←→→ 0 1 430
→→→→→ 1 1 518
→→←→→ 0 1 482
←←→←← 0 1 517
←←→←← 0 1 567
→→→→→ 1 1 495
←←←←← 1 1 534
←←←←← 1 1 397
→→→→→ 1 1 501
→→←→→ 0 1 621
←←←←← 1 1 413
→→←→→ 0 1 480
