→→←→→ 0 1 1086
→→←→→ 0 1 808
←←←←← 1 1 641
←←→←← 0 1 510
→→←→→ 0 1 638
→→→→→ 1 1 610
→→←→→ 0 1 603
→→→→→ 1 1 618
←←←←← 1 1 483
→→→→→ 1 1 526
←←←←← 1 1 493
→→←→→ 0 1 582
←←→←← 0 1 603
←←←←← 1 1 567
←←←←← 1 1 537
→→→→→ 1 1 524
→→→→→ 1 1 571
←←←←← 1 1 559
←←←←← 1 1 526
←←←←← 1 1 490
→→←→→ 0 1 539
→→←→→ 0 1 594
→→→→→ 1 1 474
←←→←← 0 1 555
→→→→→ 1 1 596
→→→→→ 1 1 581
←←←←← 1 1 479
→→←→→ 0 1 631
→→→→→ 1 1 514
←←←←← 1 1 531
←←→←← 0 1 637
→→←→→ 0 1 621
→→→→→ 1 1 590
→→←→→ 0 1 568
→→→→→ 1 1 530
→→←→→ 0 1 541
←←→←← 0 1 530
→→←→→ 0 1 466
→→←→→ 0 1 572
→→→→→ 1 1 545
←←→←← 0 1 433
←←→←← 0 1 510
→→→→→ 1 1 498
→→←→→ 0 1 550
→→→→→ 1 1 577
→→←→→ 0 1 518
←←→←← 0 1 542
→→←→→ 0 1 589
→→→→→ 1 1 540
←←←←← 1 1 576
→→→→→ 1 1 462
←←→←← 0 1 494
→→←→→ 0 1 550
←←←←← 1 1 560
→→→→→ 1 1 599
←←←←← 1 1 636
←←→←← 0 1 671
→→←→→ 0 1 514
→→←→→ 0 1 551
→→→→→ 1 1 505
←←←←← 1 1 537
←←←←← 1 1 392
→→→→→ 1 1 534
←←→←← 0 2 504
←←←←← 1 1 666
←←→←← 0 1 542
→→→→→ 1 1 415
←←→←← 0 1 454
→→→→→ 1 1 420
→→←→→ 0 1 558
←←←←← 1 1 416
←←→←← 0 1 521
→→→→→ 1 1 515
←←→←← 0 1 525
←←→←← 0 1 444
→→←→→ 0 1 576
→→←→→ 0 1 540
→→←→→ 0 1 546
←←←←← 1 1 453
←←←←← 1 1 556
→→←→→ 0 1 549
←←→←← 0 1 518
←←→←← 0 1 533
←←→←← 0 1 545
←←←←← 1 1 564
←←→←← 0 1 572
→→→→→ 1 1 544
←←←←← 1 1 515
←←←←← 1 1 494
←←→←← 0 1 588
←←→←← 0 1 443
←←→←← 0 1 544
←←←←← 1 1 549
→→→→→ 1 1 535
→→←→→ 0 1 560
←←←←← 1 1 435
→→→→→ 1 1 572
←←←←← 1 1 685
←←→←← 0 1 614
←←→←← 0 1 466
