←←←←← 1 3 2000
←←→←← 0 2 566
←←→←← 0 1 646
→→←→→ 0 1 564
→→←→→ 0 1 480
←←←←← 1 1 454
←←←←← 1 1 460
→→←→→ 0 1 447
→→→→→ 1 1 523
←←→←← 0 1 391
←←→←← 0 1 406
←←←←← 1 1 458
→→→→→ 1 1 420
→→→→→ 1 1 425
←←→←← 0 1 414
→→←→→ 0 1 494
→→→→→ 1 1 408
→→←→→ 0 1 399
←←→←← 0 1 445
←←→←← 0 1 390
←←←←← 1 1 428
←←←←← 1 1 379
→→←→→ 0 1 422
→→→→→ 1 1 397
→→←→→ 0 1 465
→→→→→ 1 1 385
←←←←← 1 1 399
→→←→→ 0 1 503
→→←→→ 0 2 456
←←→←← 0 1 530
→→←→→ 0 1 390
→→→→→ 1 1 391
→→→→→ 1 1 402
←←←←← 1 1 403
→→←→→ 0 1 454
←←→←← 0 1 423
→→→→→ 1 1 411
→→←→→ 0 1 454
→→←→→ 0 1 440
←←←←← 1 1 419
←←←←← 1 1 390
→→←→→ 0 1 377
→→←→→ 0 1 380
→→←→→ 0 1 364
→→←→→ 0 1 460
→→→→→ 1 1 466
→→←→→ 0 1 357
←←←←← 1 1 384
→→→→→ 1 1 376
←←←←← 1 1 374
←←←←← 1 1 450
→→→→→ 1 1 398
←←←←← 1 1 376
→→→→→ 1 1 463
→→→→→ 1 1 364
→→←→→ 0 1 408
←←→←← 0 1 379
→→←→→ 0 1 414
→→→→→ 1 1 386
←←→←← 0 1 420
→→→→→ 1 1 372
→→←→→ 0 1 547
←←←←← 1 1 423
←←→←← 0 1 406
→→→→→ 1 1 400
→→→→→ 1 1 415
←←→←← 0 1 409
→→→→→ 1 1 387
←←→←← 0 1 354
→→←→→ 0 1 412
←←←←← 1 1 436
←←→←← 0 1 407
←←←←← 1 1 423
←←←←← 1 1 407
←←→←← 0 1 456
←←→←← 0 1 423
→→←→→ 0 1 459
←←←←← 1 1 429
←←→←← 0 1 418
←←→←← 0 1 394
←←→←← 0 1 400
→→←→→ 0 1 383
→→→→→ 1 1 389
→→→→→ 1 1 457
→→→→→ 1 1 472
←←→←← 0 1 413
←←←←← 1 1 521
→→→→→ 1 1 516
←←←←← 1 1 401
→→→→→ 1 1 430
←←→←← 0 1 532
←←→←← 0 1 337
→→→→→ 1 1 348
→→←→→ 0 1 402
←←←←← 1 1 425
←←←←← 1 1 406
←←→←← 0 1 391
←←←←← 1 1 408
←←→←← 0 1 357
←←←←← 1 1 361
