→→→→→ 1 1 1412
→→→→→ 1 1 629
←←←←← 1 1 733
←←→←← 0 1 603
←←→←← 0 1 587
→→→→→ 1 1 601
→→→→→ 1 1 571
→→→→→ 1 1 512
←←←←← 1 1 555
←←←←← 1 1 585
←←→←← 0 1 542
←←←←← 1 1 524
←←←←← 1 1 496
←←←←← 1 1 494
→→←→→ 0 1 572
←←←←← 1 1 556
→→→→→ 1 1 500
←←←←← 1 1 498
→→←→→ 0 1 520
←←→←← 0 1 514
→→→→→ 1 1 657
→→→→→ 1 1 437
→→→→→ 1 1 527
←←←←← 1 1 479
→→←→→ 0 1 512
→→←→→ 0 2 482
←←→←← 0 1 692
→→←→→ 0 2 467
→→→→→ 1 1 577
←←→←← 0 1 498
←←←←← 1 1 568
→→←→→ 0 1 511
→→→→→ 1 1 449
←←←←← 1 1 571
←←→←← 0 1 437
→→→→→ 1 1 509
←←→←← 0 1 494
←←→←← 0 1 480
←←→←← 0 1 514
←←←←← 1 1 450
←←→←← 0 1 450
←←→←← 0 1 466
←←→←← 0 1 437
←←→←← 0 1 374
→→→→→ 1 1 437
→→←→→ 0 1 430
→→→→→ 1 1 481
←←←←← 1 1 420
←←→←← 0 1 389
←←←←← 1 1 389
→→←→→ 0 1 483
→→→→→ 1 1 419
←←→←← 0 1 465
→→←→→ 0 1 390
←←←←← 1 1 436
←←→←← 0 2 406
←←→←← 0 1 420
←←→←← 0 1 391
←←→←← 0 1 388
←←←←← 1 1 421
→→←→→ 0 1 525
←←←←← 1 1 345
←←→←← 0 1 423
←←←←← 1 1 540
→→←→→ 0 1 407
→→→→→ 1 1 439
→→←→→ 0 1 372
→→→→→ 1 1 435
→→→→→ 1 1 409
←←→←← 0 1 406
←←←←← 1 1 434
→→←→→ 0 1 434
→→←→→ 0 1 437
→→←→→ 0 1 331
→→→→→ 1 1 754
→→←→→ 0 1 372
→→→→→ 1 1 374
→→←→→ 0 1 378
→→←→→ 0 1 419
←←→←← 0 1 388
→→←→→ 0 1 364
←←←←← 1 1 362
→→→→→ 1 1 406
→→←→→ 0 1 345
←←←←← 1 1 410
→→←→→ 0 1 449
←←→←← 0 1 432
←←←←← 1 1 390
→→→→→ 1 1 466
→→←→→ 0 1 423
→→→→→ 1 1 495
→→→→→ 1 1 467
←←←←← 1 1 494
←←→←← 0 1 422
→→←→→ 0 1 389
→→→→→ 1 1 405
→→←→→ 0 1 420
←←←←← 1 1 543
←←←←← 1 1 389
→→←→→ 0 1 377
