→→←→→ 0 2 1642
→→←→→ 0 3 2000
←←→←← 0 2 432
←←←←← 1 1 499
→→→→→ 1 1 766
←←←←← 1 1 645
←←←←← 1 1 923
→→←→→ 0 2 625
→→←→→ 0 2 944
→→←→→ 0 1 734
←←←←← 1 1 1053
←←←←← 1 1 458
←←→←← 0 1 923
→→←→→ 0 1 704
→→←→→ 0 1 594
←←←←← 1 1 475
←←←←← 1 1 434
←←→←← 0 1 577
→→→→→ 1 1 518
→→→→→ 1 1 704
→→←→→ 0 1 561
→→→→→ 1 1 550
→→←→→ 0 2 662
→→→→→ 1 1 598
←←→←← 0 2 463
←←←←← 1 1 472
←←→←← 0 2 418
←←→←← 0 1 302
→→→→→ 1 1 414
→→→→→ 1 1 375
→→←→→ 0 1 514
→→→→→ 1 1 570
→→←→→ 0 1 547
→→→→→ 1 1 668
←←→←← 0 1 955
→→→→→ 1 1 537
→→←→→ 0 1 594
→→→→→ 1 1 504
←←→←← 0 2 547
←←→←← 0 1 596
←←→←← 0 2 494
→→←→→ 0 2 967
←←←←← 1 1 444
→→→→→ 1 1 541
→→←→→ 0 2 392
←←→←← 0 2 536
←←←←← 1 1 625
←←←←← 1 1 453
→→→→→ 1 1 503
→→←→→ 0 1 1286
→→→→→ 1 1 525
←←←←← 1 1 624
←←→←← 0 1 981
←←←←← 1 1 599
←←←←← 1 1 528
→→→→→ 1 1 498
←←→←← 0 1 527
→→←→→ 0 1 1003
→→←→→ 0 1 650
←←→←← 0 1 770
→→←→→ 0 1 1423
→→→→→ 1 1 546
→→→→→ 1 1 503
→→→→→ 1 1 416
→→←→→ 0 2 399
←←←←← 1 1 467
←←→←← 0 2 407
←←→←← 0 1 826
←←→←← 0 2 793
←←←←← 1 1 450
→→→→→ 1 1 542
←←←←← 1 1 532
←←←←← 1 1 693
←←→←← 0 1 664
→→→→→ 1 1 517
→→←→→ 0 2 518
→→←→→ 0 2 539
←←→←← 0 2 411
←←←←← 1 1 530
→→→→→ 1 1 511
←←←←← 1 1 513
→→←→→ 0 2 510
→→→→→ 1 1 539
←←→←← 0 2 659
←←←←← 1 1 706
→→→→→ 1 1 473
→→→→→ 1 1 412
←←→←← 0 1 598
→→→→→ 1 1 444
←←←←← 1 1 432
←←→←← 0 1 947
←←→←← 0 1 507
→→←→→ 0 1 487
←←→←← 0 1 808
→→←→→ 0 1 690
←←←←← 1 1 670
←←→←← 0 1 674
→→←→→ 0 1 831
←←←←← 1 1 606
←←←←← 1 1 509
