→→→→→ 1 1 1042
→→→→→ 1 1 537
←←→←← 0 1 771
←←→←← 0 1 587
→→→→→ 1 1 537
→→→→→ 1 1 510
←←←←← 1 1 446
←←←←← 1 1 665
→→←→→ 0 1 733
→→←→→ 0 1 677
←←←←← 1 1 499
←←→←← 0 1 571
→→→→→ 1 1 483
→→←→→ 0 1 568
←←→←← 0 1 423
→→←→→ 0 1 442
←←→←← 0 1 475
←←→←← 0 1 527
←←→←← 0 1 429
←←←←← 1 1 521
←←←←← 1 1 500
→→→→→ 1 1 517
←←→←← 0 1 493
→→←→→ 0 1 359
→→→→→ 1 1 645
→→←→→ 0 1 413
→→→→→ 1 1 365
→→→→→ 1 1 532
←←→←← 0 1 478
←←←←← 1 1 451
→→←→→ 0 1 606
→→←→→ 0 1 414
←←→←← 0 1 429
←←←←← 1 1 453
←←←←← 1 1 498
→→←→→ 0 1 459
→→←→→ 0 2 305
←←←←← 1 1 435
←←←←← 1 1 433
←←→←← 0 1 494
→→→→→ 1 1 391
→→→→→ 1 1 398
→→→→→ 1 1 420
→→←→→ 0 1 461
←←←←← 1 1 443
→→←→→ 0 1 484
→→←→→ 0 1 405
←←←←← 1 1 378
←←→←← 0 1 445
←←←←← 1 1 505
←←→←← 0 1 393
→→→→→ 1 1 428
←←←←← 1 1 461
←←→←← 0 1 489
←←→←← 0 1 504
←←→←← 0 1 537
→→←→→ 0 1 496
→→←→→ 0 1 443
→→←→→ 0 1 450
→→←→→ 0 1 403
→→←→→ 0 1 403
→→→→→ 1 1 334
←←→←← 0 1 424
←←→←← 0 1 459
←←←←← 1 1 406
→→→→→ 1 1 448
→→←→→ 0 1 586
→→→→→ 1 1 403
→→→→→ 1 1 419
←←→←← 0 1 437
→→→→→ 1 1 386
←←→←← 0 1 450
→→→→→ 1 1 402
→→→→→ 1 1 331
→→→→→ 1 1 457
→→→→→ 1 1 376
←←←←← 1 1 445
←←←←← 1 1 534
←←→←← 0 1 405
→→←→→ 0 1 396
←←→←← 0 1 352
→→→→→ 1 1 451
→→←→→ 0 1 405
←←←←← 1 1 697
←←←←← 1 1 431
←←→←← 0 1 418
←←←←← 1 1 416
→→→→→ 1 1 376
←←←←← 1 1 376
→→←→→ 0 1 509
←←←←← 1 1 466
←←←←← 1 1 422
←←←←← 1 1 398
←←→←← 0 1 319
→→←→→ 0 1 648
→→→→→ 1 1 445
→→←→→ 0 1 536
←←→←← 0 1 401
→→←→→ 0 1 410
←←←←← 1 1 658
