→→←→→ 0 3 2000
←←→←← 0 1 704
←←→←← 0 1 602
←←←←← 1 1 521
→→→→→ 1 1 482
→→→→→ 1 1 541
→→←→→ 0 1 439
←←→←← 0 1 430
←←→←← 0 1 420
→→→→→ 1 1 408
→→→→→ 1 1 382
→→→→→ 1 1 417
←←→←← 0 1 491
←←←←← 1 1 469
→→←→→ 0 1 401
→→←→→ 0 1 437
←←←←← 1 1 351
→→→→→ 1 1 432
→→←→→ 0 1 373
←←→←← 0 1 380
←←→←← 0 1 405
→→←→→ 0 1 361
→→→→→ 1 1 440
←←←←← 1 1 323
←←→←← 0 1 357
←←→←← 0 1 506
→→←→→ 0 1 387
←←→←← 0 1 452
←←→←← 0 1 365
→→←→→ 0 1 375
←←←←← 1 1 486
←←←←← 1 1 377
→→←→→ 0 1 427
→→→→→ 1 1 387
→→→→→ 1 1 380
←←←←← 1 1 349
→→→→→ 1 1 332
←←←←← 1 1 498
←←→←← 0 1 482
←←→←← 0 1 463
→→←→→ 0 1 411
←←←←← 1 1 496
→→→→→ 1 1 426
←←→←← 0 1 429
←←→←← 0 1 471
→→←→→ 0 1 336
→→←→→ 0 1 468
←←←←← 1 1 433
→→←→→ 0 1 461
←←←←← 1 1 342
→→→→→ 1 1 373
←←→←← 0 1 461
←←→←← 0 1 323
←←←←← 1 1 353
←←←←← 1 1 423
→→→→→ 1 1 399
←←→←← 0 1 436
←←←←← 1 1 410
←←→←← 0 1 389
←←←←← 1 1 343
→→→→→ 1 1 288
→→←→→ 0 1 309
→→←→→ 0 1 435
→→→→→ 1 1 343
←←←←← 1 1 310
←←→←← 0 1 360
→→→→→ 1 1 426
←←←←← 1 1 369
←←←←← 1 1 525
→→←→→ 0 1 464
→→→→→ 1 1 381
→→←→→ 0 1 372
→→←→→ 0 1 426
←←←←← 1 1 436
→→→→→ 1 1 433
→→←→→ 0 1 404
→→→→→ 1 1 320
←←←←← 1 1 309
→→→→→ 1 1 352
←←←←← 1 1 327
←←→←← 0 1 396
←←←←← 1 1 293
←←←←← 1 1 552
←←→←← 0 1 419
←←←←← 1 1 350
→→←→→ 0 1 442
→→←→→ 0 1 475
→→→→→ 1 1 350
→→←→→ 0 1 385
→→→→→ 1 1 335
→→→→→ 1 1 472
←←←←← 1 1 386
→→→→→ 1 1 330
→→←→→ 0 1 438
←←→←← 0 1 304
←←→←← 0 1 480
→→←→→ 0 1 342
←←→←← 0 1 380
→→→→→ 1 1 475
→→←→→ 0 1 373
