←←→←← 0 1 888
←←→←← 0 1 547
→→→→→ 1 1 466
←←→←← 0 1 430
←←→←← 0 1 418
←←←←← 1 1 456
←←←←← 1 1 385
→→→→→ 1 1 354
←←←←← 1 1 444
←←→←← 0 1 402
←←→←← 0 1 373
←←←←← 1 1 365
→→←→→ 0 1 368
←←←←← 1 1 379
→→←→→ 0 1 424
→→→→→ 1 1 403
→→→→→ 1 1 339
←←←←← 1 2 339
←←→←← 0 1 589
→→←→→ 0 1 426
←←→←← 0 1 382
←←←←← 1 1 366
→→→→→ 1 1 389
→→←→→ 0 1 313
→→←→→ 0 1 391
→→→→→ 1 1 373
→→←→→ 0 1 390
→→←→→ 0 1 447
←←→←← 0 1 392
←←→←← 0 1 406
←←→←← 0 1 372
→→→→→ 1 1 331
→→←→→ 0 1 395
←←→←← 0 1 466
←←→←← 0 1 363
→→→→→ 1 1 535
←←→←← 0 1 430
←←←←← 1 1 453
→→→→→ 1 1 373
→→→→→ 1 1 379
→→←→→ 0 1 394
→→→→→ 1 1 368
←←←←← 1 1 352
←←→←← 0 1 397
←←←←← 1 1 333
→→→→→ 1 1 383
→→→→→ 1 1 330
→→←→→ 0 1 345
→→←→→ 0 1 366
←←←←← 1 1 365
→→←→→ 0 1 566
→→←→→ 0 1 425
←←←←← 1 1 405
→→→→→ 1 1 410
←←←←← 1 1 384
←←←←← 1 1 436
←←→←← 0 1 463
←←←←← 1 1 390
←←←←← 1 1 346
←←→←← 0 1 423
→→→→→ 1 1 368
←←←←← 1 1 483
←←←←← 1 1 334
→→→→→ 1 1 395
←←←←← 1 1 442
←←→←← 0 1 422
←←→←← 0 1 508
→→←→→ 0 1 416
→→←→→ 0 1 433
→→←→→ 0 1 396
→→←→→ 0 1 350
→→→→→ 1 1 432
→→→→→ 1 1 357
←←←←← 1 1 349
→→→→→ 1 1 407
→→→→→ 1 1 368
←←→←← 0 1 354
→→→→→ 1 1 408
←←←←← 1 1 372
←←←←← 1 1 305
→→←→→ 0 1 349
→→←→→ 0 1 363
←←←←← 1 1 317
→→←→→ 0 1 352
←←←←← 1 1 322
→→←→→ 0 1 412
←←→←← 0 1 412
→→←→→ 0 2 428
→→←→→ 0 1 433
←←→←← 0 1 424
←←→←← 0 1 406
←←→←← 0 1 474
→→→→→ 1 1 364
→→→→→ 1 1 480
→→→→→ 1 1 403
→→←→→ 0 1 403
→→→→→ 1 1 466
←←←←← 1 1 411
→→←→→ 0 1 355
←←→←← 0 1 427
