←←←←← 1 1 806
→→←→→ 0 1 629
→→→→→ 1 1 454
→→←→→ 0 1 452
←←→←← 0 1 427
←←→←← 0 1 514
←←←←← 1 1 427
→→←→→ 0 1 438
←←←←← 1 1 393
←←←←← 1 1 368
←←←←← 1 1 338
→→→→→ 1 1 361
→→→→→ 1 1 332
→→←→→ 0 1 336
→→←→→ 0 1 420
←←→←← 0 1 364
←←→←← 0 1 385
←←→←← 0 1 451
→→←→→ 0 1 358
←←←←← 1 1 318
→→→→→ 1 1 364
←←←←← 1 1 332
→→←→→ 0 1 399
←←→←← 0 1 334
→→→→→ 1 1 380
→→→→→ 1 1 355
←←→←← 0 2 331
←←→←← 0 1 430
←←←←← 1 1 393
←←→←← 0 1 361
←←→←← 0 1 375
←←←←← 1 1 356
←←←←← 1 1 360
→→←→→ 0 1 350
←←←←← 1 1 368
←←→←← 0 1 355
→→→→→ 1 1 329
→→←→→ 0 1 330
→→→→→ 1 1 340
→→←→→ 0 1 344
←←←←← 1 1 339
→→→→→ 1 1 327
→→→→→ 1 1 320
←←→←← 0 2 277
→→←→→ 0 1 366
→→→→→ 1 1 412
→→←→→ 0 1 353
→→←→→ 0 1 492
→→←→→ 0 1 469
→→→→→ 1 1 489
→→←→→ 0 1 444
→→→→→ 1 1 420
←←→←← 0 1 389
←←←←← 1 1 333
→→→→→ 1 1 339
→→←→→ 0 1 328
→→→→→ 1 1 290
→→→→→ 1 1 374
←←→←← 0 1 439
→→→→→ 1 1 348
←←→←← 0 1 406
←←→←← 0 1 417
←←→←← 0 1 426
→→→→→ 1 1 309
→→←→→ 0 1 375
←←→←← 0 1 361
←←→←← 0 1 367
→→←→→ 0 1 382
←←→←← 0 1 605
→→←→→ 0 1 512
→→→→→ 1 1 364
→→←→→ 0 1 369
←←←←← 1 1 311
←←←←← 1 1 319
←←→←← 0 1 345
←←←←← 1 1 275
←←←←← 1 1 314
→→→→→ 1 1 294
←←←←← 1 1 293
←←←←← 1 1 342
←←←←← 1 1 300
→→→→→ 1 1 334
←←←←← 1 1 308
→→→→→ 1 1 487
→→←→→ 0 1 329
→→→→→ 1 1 346
→→←→→ 0 1 329
←←→←← 0 1 411
←←→←← 0 1 330
←←←←← 1 1 333
→→→→→ 1 1 325
←←→←← 0 1 391
←←←←← 1 1 367
→→←→→ 0 1 640
→→←→→ 0 1 443
←←←←← 1 1 375
←←←←← 1 1 367
→→←→→ 0 1 401
←←→←← 0 1 390
→→→→→ 1 1 337
