←←←←← 1 1 1463
→→←→→ 0 1 614
→→←→→ 0 1 491
→→→→→ 1 1 992
→→←→→ 0 1 558
←←←←← 1 1 675
←←←←← 1 1 479
←←→←← 0 1 612
→→←→→ 0 1 662
←←→←← 0 1 744
→→←→→ 0 1 581
←←→←← 0 1 692
←←→←← 0 1 572
→→←→→ 0 1 885
←←→←← 0 1 560
←←←←← 1 1 601
→→←→→ 0 1 599
←←→←← 0 1 1017
←←←←← 1 1 559
←←→←← 0 1 717
←←←←← 1 1 628
→→→→→ 1 1 488
←←→←← 0 1 596
←←→←← 0 1 484
←←←←← 1 1 614
→→→→→ 1 1 598
→→←→→ 0 1 659
→→←→→ 0 1 449
→→←→→ 0 1 660
←←←←← 1 1 421
←←←←← 1 1 394
←←←←← 1 1 366
→→←→→ 0 1 416
←←←←← 1 1 372
←←→←← 0 1 582
→→←→→ 0 1 412
→→→→→ 1 1 427
→→→→→ 1 1 483
→→←→→ 0 1 478
→→→→→ 1 1 545
→→→→→ 1 1 455
←←→←← 0 1 409
←←←←← 1 1 443
←←←←← 1 1 410
→→→→→ 1 1 768
←←→←← 0 1 428
←←→←← 0 1 358
←←→←← 0 1 468
←←→←← 0 1 447
→→←→→ 0 1 716
←←←←← 1 1 456
→→←→→ 0 1 446
→→←→→ 0 2 597
←←→←← 0 1 630
→→→→→ 1 1 483
←←←←← 1 1 382
→→→→→ 1 1 408
→→→→→ 1 1 369
→→→→→ 1 1 394
→→←→→ 0 1 432
→→←→→ 0 1 457
←←←←← 1 1 404
→→→→→ 1 1 646
→→→→→ 1 1 408
→→←→→ 0 1 644
→→→→→ 1 1 495
→→→→→ 1 1 473
→→←→→ 0 1 532
←←→←← 0 1 586
←←→←← 0 1 496
←←←←← 1 1 440
→→←→→ 0 1 344
←←←←← 1 1 366
→→→→→ 1 1 455
←←←←← 1 1 414
→→→→→ 1 1 408
←←→←← 0 1 400
←←←←← 1 1 463
→→←→→ 0 1 461
←←←←← 1 1 398
←←→←← 0 1 443
←←→←← 0 1 394
→→→→→ 1 1 315
←←←←← 1 1 526
←←→←← 0 1 507
→→←→→ 0 1 443
→→→→→ 1 1 856
→→→→→ 1 1 849
←←←←← 1 1 454
→→→→→ 1 1 387
←←→←← 0 1 367
←←←←← 1 1 428
←←←←← 1 1 435
←←→←← 0 1 408
→→→→→ 1 1 445
→→←→→ 0 1 409
→→→→→ 1 1 371
→→→→→ 1 1 393
←←→←← 0 1 454
→→←→→ 0 1 476
