←←→←← 0 1 1351
←←→←← 0 1 621
←←←←← 1 1 543
→→→→→ 1 1 440
→→←→→ 0 1 417
←←→←← 0 1 461
→→→→→ 1 1 549
←←←←← 1 1 497
→→←→→ 0 1 608
←←→←← 0 1 439
←←→←← 0 1 532
→→←→→ 0 1 491
←←→←← 0 1 528
→→←→→ 0 1 486
←←→←← 0 1 401
←←←←← 1 1 443
→→→→→ 1 1 419
←←←←← 1 1 409
←←→←← 0 1 470
←←→←← 0 1 476
→→←→→ 0 1 487
→→→→→ 1 1 455
→→←→→ 0 1 479
←←←←← 1 1 472
→→←→→ 0 1 523
→→←→→ 0 1 572
←←←←← 1 1 648
→→→→→ 1 1 509
←←←←← 1 1 505
←←→←← 0 1 482
←←→←← 0 1 455
←←→←← 0 1 458
→→→→→ 1 1 416
→→→→→ 1 1 563
←←→←← 0 1 489
←←→←← 0 1 483
←←←←← 1 1 476
←←←←← 1 1 417
→→←→→ 0 1 499
→→→→→ 1 1 495
→→←→→ 0 1 999
→→←→→ 0 1 827
→→←→→ 0 1 576
→→→→→ 1 1 423
←←←←← 1 1 436
→→←→→ 0 1 455
→→←→→ 0 1 459
←←→←← 0 1 509
←←←←← 1 1 368
→→→→→ 1 1 389
→→→→→ 1 1 413
←←←←← 1 1 378
→→→→→ 1 1 383
←←→←← 0 1 423
→→→→→ 1 1 389
→→→→→ 1 1 379
←←←←← 1 1 426
←←→←← 0 1 460
→→←→→ 0 1 425
→→←→→ 0 1 478
←←←←← 1 1 384
→→←→→ 0 1 496
←←→←← 0 1 451
←←→←← 0 1 410
←←←←← 1 1 391
→→→→→ 1 1 376
→→→→→ 1 1 394
→→→→→ 1 1 418
→→→→→ 1 1 442
→→→→→ 1 1 399
→→→→→ 1 1 376
→→←→→ 0 1 440
→→→→→ 1 1 393
←←→←← 0 1 462
→→→→→ 1 1 377
←←←←← 1 1 356
←←←←← 1 1 368
←←→←← 0 1 440
→→→→→ 1 1 393
←←→←← 0 1 423
→→←→→ 0 1 469
→→←→→ 0 1 431
→→→→→ 1 1 444
←←←←← 1 1 379
←←←←← 1 1 422
←←←←← 1 1 481
←←←←← 1 1 429
←←←←← 1 1 442
→→←→→ 0 1 508
→→←→→ 0 1 457
→→←→→ 0 1 420
←←←←← 1 1 454
→→←→→ 0 1 572
←←→←← 0 1 480
←←→←← 0 1 487
←←←←← 1 1 504
←←→←← 0 1 414
→→→→→ 1 1 466
→→←→→ 0 1 385
←←←←← 1 1 408
