←←←←← 1 1 1832
←←←←← 1 1 857
→→→→→ 1 2 885
←←←←← 1 1 1295
→→→→→ 1 1 792
←←←←← 1 1 775
→→→→→ 1 1 710
←←→←← 0 2 713
←←→←← 0 3 2000
←←→←← 0 2 1662
→→←→→ 0 3 2000
←←←←← 1 3 2000
→→→→→ 1 1 923
←←→←← 0 3 2000
→→←→→ 0 2 1406
→→→→→ 1 2 583
←←←←← 1 1 1134
←←←←← 1 1 1187
←←←←← 1 1 871
←←←←← 1 1 837
←←→←← 0 2 1685
→→→→→ 1 1 1058
→→→→→ 1 1 776
←←←←← 1 1 1042
←←→←← 0 1 1131
→→→→→ 1 1 993
→→→→→ 1 1 834
←←→←← 0 1 1301
←←→←← 0 2 617
←←→←← 0 2 1125
←←→←← 0 2 99
→→→→→ 1 1 1381
←←←←← 1 1 1277
→→←→→ 0 1 1479
←←←←← 1 1 1162
→→→→→ 1 1 976
←←→←← 0 2 1278
→→←→→ 0 1 561
→→→→→ 1 1 1716
→→→→→ 1 1 1061
←←←←← 1 1 935
←←→←← 0 1 1457
←←←←← 1 1 1123
←←→←← 0 2 1275
←←→←← 0 2 1124
←←→←← 0 2 1178
←←←←← 1 1 893
→→←→→ 0 1 1341
→→←→→ 0 1 1455
←←→←← 0 1 1424
→→←→→ 0 1 1304
→→←→→ 0 2 925
→→←→→ 0 1 674
←←←←← 1 1 1334
→→←→→ 0 2 1132
←←→←← 0 2 1310
→→←→→ 0 1 1232
→→→→→ 1 1 1336
→→←→→ 0 2 1344
←←→←← 0 2 341
←←←←← 1 1 177
←←→←← 0 1 49
→→→→→ 1 2 45
→→←→→ 0 1 107
→→←→→ 0 1 87
→→←→→ 0 1 311
→→←→→ 0 2 145
→→←→→ 0 2 39
→→←→→ 0 2 41
←←→←← 0 1 189
←←←←← 1 1 26
→→→→→ 1 1 51
→→←→→ 0 1 119
→→→→→ 1 1 146
←←→←← 0 2 18
→→→→→ 1 2 111
←←←←← 1 2 184
←←←←← 1 1 484
←←←←← 1 1 840
→→←→→ 0 2 932
→→→→→ 1 2 120
←←←←← 1 1 54
←←←←← 1 2 264
←←←←← 1 1 492
→→→→→ 1 1 971
→→←→→ 0 2 805
←←→←← 0 1 845
→→→→→ 1 1 1261
←←→←← 0 2 2011
←←→←← 0 1 1222
→→→→→ 1 1 1158
→→←→→ 0 1 1081
→→←→→ 0 1 1415
→→→→→ 1 1 959
→→→→→ 1 1 879
→→←→→ 0 1 970
←←←←← 1 1 1109
→→←→→ 0 1 1197
←←→←← 0 1 878
→→→→→ 1 1 888
