←←←←← 1 3 2000
←←←←← 1 1 1203
→→←→→ 0 1 996
→→→→→ 1 1 538
→→→→→ 1 1 487
←←←←← 1 1 462
←←→←← 0 1 527
←←→←← 0 1 581
←←←←← 1 1 516
→→→→→ 1 1 469
←←→←← 0 1 443
←←→←← 0 1 435
←←→←← 0 1 521
→→→→→ 1 1 418
←←←←← 1 1 490
→→←→→ 0 1 537
→→→→→ 1 1 492
→→→→→ 1 1 445
←←→←← 0 1 445
←←←←← 1 1 660
←←→←← 0 1 470
←←←←← 1 1 448
←←→←← 0 1 602
←←←←← 1 1 485
→→→→→ 1 1 443
→→→→→ 1 1 493
→→→→→ 1 1 392
←←←←← 1 1 432
←←→←← 0 1 449
→→←→→ 0 1 429
←←→←← 0 1 510
←←←←← 1 1 455
→→→→→ 1 1 479
←←→←← 0 1 414
→→→→→ 1 1 391
→→←→→ 0 1 512
←←→←← 0 1 454
→→←→→ 0 1 488
←←←←← 1 1 431
→→←→→ 0 1 428
→→←→→ 0 1 465
←←←←← 1 1 392
←←←←← 1 1 432
←←←←← 1 1 448
→→→→→ 1 1 430
→→→→→ 1 1 420
→→←→→ 0 1 517
←←←←← 1 1 402
→→←→→ 0 1 414
→→→→→ 1 1 459
←←←←← 1 1 464
←←→←← 0 1 462
←←→←← 0 1 415
→→←→→ 0 1 485
←←→←← 0 1 415
→→→→→ 1 1 360
→→←→→ 0 1 505
←←←←← 1 1 364
←←→←← 0 1 449
→→→→→ 1 1 400
←←→←← 0 1 373
←←←←← 1 1 460
→→←→→ 0 1 361
←←←←← 1 1 425
→→→→→ 1 1 435
←←←←← 1 1 461
→→→→→ 1 1 424
←←→←← 0 1 415
→→←→→ 0 1 510
←←←←← 1 1 441
←←→←← 0 1 441
→→→→→ 1 1 367
←←←←← 1 1 464
→→←→→ 0 1 496
←←→←← 0 1 398
→→→→→ 1 1 377
←←→←← 0 1 379
→→→→→ 1 1 396
→→←→→ 0 1 447
→→→→→ 1 1 416
→→←→→ 0 1 461
→→←→→ 0 1 434
←←→←← 0 1 441
→→←→→ 0 1 494
→→←→→ 0 1 424
←←←←← 1 1 383
←←←←← 1 1 413
→→←→→ 0 1 392
→→←→→ 0 1 411
→→←→→ 0 1 378
←←←←← 1 1 373
←←→←← 0 1 471
→→←→→ 0 1 473
→→→→→ 1 1 464
→→→→→ 1 1 468
→→→→→ 1 1 394
→→←→→ 0 1 476
→→←→→ 0 1 380
←←→←← 0 1 462
←←→←← 0 1 406
