→→←→→ 0 1 991
←←→←← 0 1 475
←←←←← 1 1 500
←←←←← 1 1 391
←←←←← 1 1 491
→→→→→ 1 1 446
←←→←← 0 1 470
→→→→→ 1 1 468
←←→←← 0 1 475
←←→←← 0 1 458
→→←→→ 0 1 450
←←←←← 1 1 511
←←←←← 1 1 389
←←←←← 1 1 387
→→→→→ 1 1 379
←←←←← 1 1 440
→→→→→ 1 1 380
→→→→→ 1 1 386
←←←←← 1 1 360
→→→→→ 1 1 416
←←→←← 0 1 468
→→←→→ 0 1 414
→→←→→ 0 1 410
←←→←← 0 1 348
→→→→→ 1 1 389
←←←←← 1 1 390
←←→←← 0 1 302
→→←→→ 0 1 427
←←→←← 0 1 426
←←→←← 0 1 380
→→←→→ 0 1 425
→→←→→ 0 1 488
←←←←← 1 1 394
→→←→→ 0 1 360
←←→←← 0 1 408
→→←→→ 0 1 380
→→←→→ 0 1 350
→→→→→ 1 1 401
←←→←← 0 1 380
→→→→→ 1 1 364
→→←→→ 0 1 428
→→←→→ 0 1 393
→→→→→ 1 1 367
→→→→→ 1 1 378
←←←←← 1 1 380
→→→→→ 1 1 374
←←←←← 1 1 374
←←←←← 1 1 346
←←→←← 0 1 373
←←→←← 0 1 428
→→→→→ 1 1 387
←←→←← 0 1 373
→→→→→ 1 1 390
→→←→→ 0 1 355
←←←←← 1 1 348
→→→→→ 1 1 576
→→←→→ 0 1 415
→→→→→ 1 1 375
←←←←← 1 1 458
→→→→→ 1 1 399
→→→→→ 1 1 389
→→→→→ 1 1 363
←←←←← 1 1 424
→→→→→ 1 1 401
→→←→→ 0 1 359
→→←→→ 0 1 390
→→←→→ 0 1 379
→→←→→ 0 1 378
←←→←← 0 1 358
←←→←← 0 1 362
←←←←← 1 1 377
→→←→→ 0 1 388
→→→→→ 1 1 396
→→→→→ 1 1 404
←←→←← 0 1 374
→→←→→ 0 1 387
←←←←← 1 1 387
←←←←← 1 1 368
←←→←← 0 1 367
→→→→→ 1 1 376
←←→←← 0 1 402
←←←←← 1 1 416
→→→→→ 1 1 380
←←←←← 1 1 403
→→←→→ 0 1 469
→→→→→ 1 1 369
←←→←← 0 1 391
←←→←← 0 1 372
←←←←← 1 1 361
→→←→→ 0 1 414
←←→←← 0 1 419
←←←←← 1 1 418
→→←→→ 0 1 380
←←←←← 1 1 413
←←←←← 1 1 379
←←→←← 0 1 360
→→←→→ 0 1 396
←←→←← 0 1 396
←←→←← 0 1 344
→→←→→ 0 1 388
