→→←→→ 0 3 2000
→→→→→ 1 1 1542
→→→→→ 1 1 816
←←←←← 1 1 726
→→←→→ 0 1 778
→→→→→ 1 1 570
→→→→→ 1 1 814
←←←←← 1 1 558
←←←←← 1 2 493
←←→←← 0 1 1309
←←←←← 1 1 741
←←←←← 1 1 854
←←→←← 0 1 740
→→→→→ 1 1 657
→→←→→ 0 1 540
→→→→→ 1 1 542
→→→→→ 1 1 584
←←→←← 0 1 444
→→→→→ 1 1 499
←←→←← 0 1 469
→→→→→ 1 1 406
→→←→→ 0 1 513
←←→←← 0 1 479
→→←→→ 0 1 486
←←→←← 0 1 452
←←←←← 1 1 525
←←→←← 0 1 411
←←←←← 1 1 430
→→→→→ 1 1 436
→→←→→ 0 1 460
→→→→→ 1 1 449
←←←←← 1 1 440
→→→→→ 1 1 422
→→←→→ 0 1 416
←←→←← 0 1 536
←←→←← 0 1 536
←←←←← 1 1 489
→→→→→ 1 1 392
←←←←← 1 1 429
→→←→→ 0 1 511
←←←←← 1 1 417
→→←→→ 0 1 480
←←←←← 1 1 472
→→←→→ 0 1 437
←←←←← 1 1 449
→→←→→ 0 1 514
→→←→→ 0 1 331
→→←→→ 0 1 467
←←→←← 0 1 553
←←→←← 0 1 491
←←→←← 0 1 413
→→←→→ 0 1 547
→→→→→ 1 1 388
←←→←← 0 1 443
→→→→→ 1 1 84
→→←→→ 0 1 596
←←←←← 1 1 340
←←←←← 1 1 441
→→←→→ 0 1 251
→→→→→ 1 1 650
→→→→→ 1 1 579
←←←←← 1 2 763
←←→←← 0 1 560
←←→←← 0 1 684
←←→←← 0 1 472
→→→→→ 1 1 428
←←←←← 1 1 494
→→→→→ 1 1 512
←←←←← 1 1 498
→→→→→ 1 1 616
→→→→→ 1 1 540
←←→←← 0 1 639
→→→→→ 1 1 541
→→←→→ 0 1 482
←←←←← 1 1 509
→→→→→ 1 1 444
→→→→→ 1 1 529
←←→←← 0 1 391
→→←→→ 0 1 517
←←←←← 1 1 524
→→←→→ 0 1 510
←←←←← 1 1 541
←←→←← 0 1 499
←←←←← 1 1 497
←←→←← 0 1 571
←←←←← 1 1 516
←←→←← 0 1 432
←←→←← 0 1 502
←←→←← 0 1 446
→→←→→ 0 1 493
→→←→→ 0 1 542
→→←→→ 0 1 1074
→→→→→ 1 1 540
→→←→→ 0 1 570
←←→←← 0 1 472
←←←←← 1 1 445
→→←→→ 0 1 509
←←←←← 1 1 458
→→←→→ 0 1 450
←←→←← 0 1 534
