←←←←← 1 1 1198
→→←→→ 0 1 1115
→→→→→ 1 1 451
→→←→→ 0 1 533
←←→←← 0 1 444
←←←←← 1 1 508
→→←→→ 0 1 875
→→←→→ 0 1 507
→→←→→ 0 1 465
←←←←← 1 1 442
→→→→→ 1 1 492
←←←←← 1 1 492
→→→→→ 1 1 555
←←←←← 1 1 463
←←←←← 1 1 455
←←→←← 0 1 481
←←→←← 0 1 392
→→←→→ 0 1 484
→→←→→ 0 1 572
←←→←← 0 1 567
→→→→→ 1 1 477
→→→→→ 1 1 470
←←←←← 1 1 405
→→→→→ 1 1 516
←←→←← 0 1 471
→→→→→ 1 1 454
→→→→→ 1 1 430
←←←←← 1 1 497
→→→→→ 1 1 672
→→←→→ 0 1 503
→→→→→ 1 1 599
←←←←← 1 1 522
←←→←← 0 1 848
←←→←← 0 1 594
←←→←← 0 1 454
→→←→→ 0 1 621
→→→→→ 1 1 520
←←→←← 0 1 598
←←←←← 1 1 439
→→→→→ 1 1 474
→→→→→ 1 1 417
→→→→→ 1 1 447
→→→→→ 1 1 391
→→←→→ 0 1 459
←←→←← 0 1 491
→→←→→ 0 1 466
→→→→→ 1 1 650
→→←→→ 0 1 444
→→←→→ 0 1 485
←←→←← 0 1 492
←←←←← 1 1 443
→→→→→ 1 1 532
→→→→→ 1 1 499
←←←←← 1 1 426
←←←←← 1 1 429
←←→←← 0 1 511
→→←→→ 0 1 460
←←←←← 1 1 478
→→→→→ 1 1 518
←←→←← 0 1 525
→→←→→ 0 1 651
←←←←← 1 1 475
←←→←← 0 1 556
→→←→→ 0 1 471
→→←→→ 0 1 476
→→←→→ 0 1 441
←←→←← 0 1 490
→→→→→ 1 1 483
→→→→→ 1 1 472
←←→←← 0 1 465
←←←←← 1 1 453
→→←→→ 0 1 475
←←←←← 1 1 1084
←←→←← 0 1 491
←←←←← 1 1 427
→→←→→ 0 1 429
←←←←← 1 1 342
←←→←← 0 1 437
←←←←← 1 1 455
←←→←← 0 1 479
→→→→→ 1 1 461
→→←→→ 0 1 528
←←←←← 1 1 584
←←→←← 0 1 483
←←→←← 0 1 502
→→←→→ 0 1 424
←←←←← 1 1 401
←←→←← 0 1 501
→→←→→ 0 1 571
←←←←← 1 1 456
→→→→→ 1 1 604
→→←→→ 0 1 452
→→→→→ 1 1 517
→→→→→ 1 1 499
←←←←← 1 1 492
←←←←← 1 1 1250
←←→←← 0 1 949
←←→←← 0 1 618
→→←→→ 0 1 491
←←→←← 0 1 804
