→→←→→ 0 1 1290
→→→→→ 1 1 769
←←←←← 1 1 622
←←→←← 0 1 670
←←→←← 0 1 629
→→←→→ 0 1 643
←←→←← 0 1 707
→→→→→ 1 1 569
←←→←← 0 1 590
←←←←← 1 1 561
←←←←← 1 1 457
←←→←← 0 1 591
→→←→→ 0 1 528
→→→→→ 1 1 527
←←→←← 0 1 568
→→→→→ 1 1 573
→→→→→ 1 1 604
→→→→→ 1 1 588
←←←←← 1 1 482
→→→→→ 1 1 514
→→←→→ 0 1 486
←←←←← 1 1 523
←←←←← 1 1 558
→→←→→ 0 1 646
←←←←← 1 1 540
→→←→→ 0 1 530
→→←→→ 0 1 520
→→←→→ 0 1 477
←←→←← 0 1 575
←←←←← 1 1 490
←←→←← 0 1 555
←←→←← 0 1 598
→→←→→ 0 1 499
←←←←← 1 1 539
←←←←← 1 1 519
→→→→→ 1 1 602
→→→→→ 1 1 580
←←←←← 1 1 514
→→→→→ 1 1 559
→→→→→ 1 1 699
←←→←← 0 1 536
←←←←← 1 1 459
←←→←← 0 1 555
→→→→→ 1 1 563
←←→←← 0 1 551
←←→←← 0 1 677
→→→→→ 1 1 701
→→→→→ 1 1 740
→→→→→ 1 1 642
←←←←← 1 1 543
←←→←← 0 1 588
→→←→→ 0 1 572
→→→→→ 1 1 524
→→←→→ 0 1 481
←←←←← 1 1 492
→→→→→ 1 1 518
→→←→→ 0 1 538
←←←←← 1 1 707
←←←←← 1 1 662
→→←→→ 0 1 500
→→←→→ 0 1 534
→→→→→ 1 1 475
→→←→→ 0 1 466
←←→←← 0 1 540
←←←←← 1 1 614
←←→←← 0 1 641
←←→←← 0 1 571
←←←←← 1 1 543
→→→→→ 1 1 784
←←←←← 1 1 535
→→←→→ 0 1 562
→→←→→ 0 1 547
→→←→→ 0 1 619
→→←→→ 0 1 587
→→→→→ 1 1 494
→→→→→ 1 1 465
→→←→→ 0 1 539
←←→←← 0 1 519
→→←→→ 0 1 519
→→→→→ 1 1 583
←←←←← 1 1 758
←←→←← 0 1 618
→→→→→ 1 1 626
→→←→→ 0 1 448
←←←←← 1 1 554
→→←→→ 0 1 505
←←→←← 0 1 544
←←→←← 0 1 585
←←→←← 0 1 594
←←→←← 0 1 616
←←←←← 1 1 465
→→←→→ 0 1 490
←←←←← 1 1 489
→→→→→ 1 1 491
←←→←← 0 1 524
←←→←← 0 1 492
→→←→→ 0 1 538
←←←←← 1 1 510
←←←←← 1 1 460
→→→→→ 1 1 483
