←←→←← 0 1 880
←←←←← 1 1 573
←←←←← 1 1 460
→→→→→ 1 1 465
←←←←← 1 1 488
→→→→→ 1 1 441
←←←←← 1 1 502
→→←→→ 0 1 445
→→←→→ 0 1 502
←←→←← 0 1 465
→→←→→ 0 1 462
→→→→→ 1 1 459
→→←→→ 0 1 460
→→→→→ 1 1 464
→→←→→ 0 1 453
←←←←← 1 1 436
→→←→→ 0 1 481
→→→→→ 1 1 475
←←←←← 1 1 496
→→←→→ 0 1 526
→→→→→ 1 1 451
→→←→→ 0 1 452
→→←→→ 0 1 443
→→←→→ 0 1 446
→→→→→ 1 1 450
←←←←← 1 1 470
←←←←← 1 1 421
→→←→→ 0 1 412
→→→→→ 1 1 446
←←→←← 0 1 501
→→←→→ 0 1 429
→→←→→ 0 1 438
←←←←← 1 1 437
→→←→→ 0 1 514
→→→→→ 1 1 453
←←←←← 1 1 431
→→←→→ 0 1 473
←←←←← 1 1 411
←←→←← 0 1 480
→→←→→ 0 1 425
←←→←← 0 1 419
→→→→→ 1 1 411
→→→→→ 1 1 376
→→→→→ 1 1 393
→→←→→ 0 1 378
←←→←← 0 1 414
←←←←← 1 1 386
←←←←← 1 1 397
→→→→→ 1 1 390
←←→←← 0 1 378
→→→→→ 1 1 402
→→→→→ 1 1 395
→→←→→ 0 1 415
←←←←← 1 1 402
←←←←← 1 1 406
←←←←← 1 1 429
→→→→→ 1 1 382
←←→←← 0 1 441
→→→→→ 1 1 387
→→←→→ 0 1 395
→→→→→ 1 1 419
←←→←← 0 1 379
→→←→→ 0 1 404
→→←→→ 0 1 413
←←→←← 0 1 394
→→→→→ 1 1 429
←←→←← 0 1 507
←←→←← 0 1 393
←←←←← 1 1 408
→→→→→ 1 1 404
→→←→→ 0 1 368
←←→←← 0 1 406
←←→←← 0 1 404
←←→←← 0 1 375
←←→←← 0 1 409
→→←→→ 0 1 407
→→→→→ 1 1 406
→→→→→ 1 1 362
←←←←← 1 1 416
←←→←← 0 1 413
→→←→→ 0 1 414
←←→←← 0 1 385
←←←←← 1 1 433
←←←←← 1 1 359
←←←←← 1 1 394
←←→←← 0 1 353
←←→←← 0 1 333
←←→←← 0 1 375
←←→←← 0 1 369
←←←←← 1 1 404
←←→←← 0 1 389
←←←←← 1 1 392
→→→→→ 1 1 413
←←→←← 0 1 399
→→←→→ 0 1 390
←←←←← 1 1 379
→→→→→ 1 1 395
←←→←← 0 1 423
←←←←← 1 1 387
→→→→→ 1 1 391
