→→→→→ 1 1 1925
→→→→→ 1 1 556
→→←→→ 0 1 591
→→←→→ 0 1 651
←←→←← 0 1 671
→→→→→ 1 1 1005
→→←→→ 0 1 541
←←←←← 1 1 427
→→←→→ 0 1 483
→→←→→ 0 1 426
→→←→→ 0 1 483
←←→←← 0 1 645
←←→←← 0 1 485
←←→←← 0 1 497
→→→→→ 1 1 417
→→→→→ 1 1 433
←←←←← 1 1 502
←←→←← 0 1 478
←←←←← 1 1 478
←←←←← 1 1 474
←←←←← 1 1 479
→→←→→ 0 1 421
→→→→→ 1 1 527
→→←→→ 0 1 451
←←→←← 0 1 399
←←→←← 0 1 742
→→→→→ 1 1 443
←←→←← 0 1 535
←←←←← 1 1 457
→→←→→ 0 1 412
→→→→→ 1 1 518
←←←←← 1 1 542
→→→→→ 1 1 492
←←←←← 1 1 441
→→←→→ 0 1 443
→→←→→ 0 1 446
←←→←← 0 1 532
←←←←← 1 1 696
←←→←← 0 1 509
→→←→→ 0 1 437
←←←←← 1 1 380
←←→←← 0 1 461
→→→→→ 1 1 469
→→→→→ 1 1 379
→→→→→ 1 1 450
←←←←← 1 1 463
←←→←← 0 1 505
←←→←← 0 1 401
←←→←← 0 1 434
→→→→→ 1 1 454
←←←←← 1 1 446
←←→←← 0 1 478
→→←→→ 0 1 479
←←←←← 1 1 450
→→→→→ 1 1 452
←←←←← 1 1 494
←←→←← 0 1 504
→→←→→ 0 1 505
←←←←← 1 1 442
→→→→→ 1 1 462
←←→←← 0 1 523
→→→→→ 1 1 393
→→→→→ 1 1 377
←←→←← 0 1 595
←←←←← 1 1 411
→→←→→ 0 1 481
←←→←← 0 1 504
←←←←← 1 1 483
→→←→→ 0 1 570
→→→→→ 1 1 402
→→→→→ 1 1 441
→→←→→ 0 1 371
←←←←← 1 1 353
→→←→→ 0 1 400
←←→←← 0 1 502
←←←←← 1 1 353
←←→←← 0 1 504
←←→←← 0 1 534
←←←←← 1 1 465
→→←→→ 0 1 414
→→→→→ 1 1 440
→→→→→ 1 1 463
←←←←← 1 1 424
→→←→→ 0 1 371
←←→←← 0 1 447
→→→→→ 1 1 407
→→←→→ 0 1 448
→→←→→ 0 1 348
←←←←← 1 1 382
←←←←← 1 1 394
→→→→→ 1 1 459
←←←←← 1 1 771
←←←←← 1 1 445
←←→←← 0 1 486
→→←→→ 0 1 440
←←→←← 0 1 414
→→←→→ 0 1 554
→→←→→ 0 1 430
→→→→→ 1 1 450
→→→→→ 1 1 372
