→→→→→ 1 3 2000
←←←←← 1 1 976
←←→←← 0 1 1091
←←→←← 0 1 593
→→←→→ 0 1 677
←←→←← 0 1 523
→→←→→ 0 1 582
←←→←← 0 1 547
←←←←← 1 1 485
←←←←← 1 1 437
→→→→→ 1 1 430
→→→→→ 1 1 557
←←→←← 0 1 484
→→→→→ 1 1 434
→→←→→ 0 1 512
←←←←← 1 1 438
←←→←← 0 1 471
←←→←← 0 1 506
→→→→→ 1 1 380
→→←→→ 0 1 481
←←→←← 0 1 448
→→→→→ 1 1 432
→→←→→ 0 1 505
→→←→→ 0 1 406
←←←←← 1 1 434
←←→←← 0 1 474
→→→→→ 1 1 545
←←→←← 0 1 394
→→←→→ 0 1 1009
→→→→→ 1 1 449
→→←→→ 0 1 439
←←→←← 0 1 433
→→←→→ 0 1 539
→→←→→ 0 1 480
→→←→→ 0 1 462
→→→→→ 1 1 445
→→→→→ 1 1 381
→→→→→ 1 1 438
←←→←← 0 1 530
→→→→→ 1 1 799
←←←←← 1 1 617
←←←←← 1 1 1120
→→→→→ 1 1 435
→→→→→ 1 1 377
←←→←← 0 1 431
→→←→→ 0 1 532
←←→←← 0 1 438
→→→→→ 1 1 415
←←←←← 1 1 498
←←→←← 0 1 406
→→←→→ 0 1 447
→→←→→ 0 1 360
←←←←← 1 1 414
→→←→→ 0 1 477
→→→→→ 1 1 518
→→←→→ 0 1 491
→→←→→ 0 1 441
→→→→→ 1 1 416
→→←→→ 0 1 427
←←←←← 1 1 533
←←←←← 1 1 344
←←→←← 0 1 430
←←→←← 0 1 422
←←←←← 1 1 448
←←←←← 1 1 374
←←→←← 0 1 473
→→←→→ 0 1 473
→→←→→ 0 1 321
←←→←← 0 1 376
←←←←← 1 1 427
←←←←← 1 1 371
←←→←← 0 1 415
→→←→→ 0 1 353
→→←→→ 0 2 413
→→→→→ 1 1 728
→→←→→ 0 1 395
←←←←← 1 1 383
→→←→→ 0 1 459
←←←←← 1 1 369
←←←←← 1 1 337
→→→→→ 1 1 433
←←←←← 1 1 444
→→→→→ 1 1 389
←←←←← 1 1 481
←←←←← 1 1 358
←←←←← 1 1 346
←←→←← 0 2 356
←←→←← 0 1 539
←←→←← 0 1 488
→→→→→ 1 1 408
←←←←← 1 1 457
←←←←← 1 1 418
←←→←← 0 1 435
→→→→→ 1 1 427
←←→←← 0 1 468
→→←→→ 0 1 413
→→→→→ 1 2 519
→→→→→ 1 1 859
←←←←← 1 1 605
→→→→→ 1 1 552
