←←←←← 1 3 2000
→→←→→ 0 1 1863
→→→→→ 1 1 998
←←→←← 0 1 816
←←→←← 0 1 593
→→→→→ 1 1 659
←←→←← 0 1 612
→→→→→ 1 1 430
←←←←← 1 1 587
←←→←← 0 1 436
←←→←← 0 1 450
←←→←← 0 1 508
←←→←← 0 1 546
←←→←← 0 1 578
→→→→→ 1 1 647
←←←←← 1 3 2000
←←←←← 1 1 668
→→←→→ 0 1 623
→→←→→ 0 1 574
→→→→→ 1 1 569
←←←←← 1 2 798
→→←→→ 0 3 2000
←←←←← 1 1 668
→→→→→ 1 1 474
→→→→→ 1 1 399
←←←←← 1 1 512
←←→←← 0 1 620
→→→→→ 1 1 414
←←→←← 0 1 454
→→→→→ 1 1 684
→→←→→ 0 1 531
←←←←← 1 1 523
→→→→→ 1 1 481
→→→→→ 1 1 1362
→→←→→ 0 1 600
→→←→→ 0 1 590
←←←←← 1 1 418
→→←→→ 0 1 594
→→←→→ 0 1 506
←←→←← 0 1 573
→→→→→ 1 1 424
←←→←← 0 1 494
→→←→→ 0 1 520
→→←→→ 0 1 531
←←←←← 1 1 404
←←←←← 1 1 456
→→←→→ 0 1 590
←←→←← 0 1 559
←←←←← 1 3 2000
→→←→→ 0 1 599
←←→←← 0 1 543
→→←→→ 0 1 478
→→→→→ 1 1 469
←←←←← 1 1 415
←←→←← 0 1 505
←←←←← 1 1 438
→→→→→ 1 2 375
←←←←← 1 1 516
→→←→→ 0 1 576
→→→→→ 1 2 392
←←←←← 1 1 521
←←→←← 0 1 512
→→→→→ 1 1 489
←←→←← 0 2 401
→→←→→ 0 1 557
→→←→→ 0 1 531
←←←←← 1 1 475
←←→←← 0 1 541
→→→→→ 1 1 506
→→←→→ 0 2 457
→→←→→ 0 1 515
→→→→→ 1 1 457
←←→←← 0 1 534
→→←→→ 0 1 510
←←←←← 1 1 431
→→→→→ 1 1 444
→→←→→ 0 1 463
←←→←← 0 1 372
→→→→→ 1 1 537
←←→←← 0 1 518
←←←←← 1 1 417
→→→→→ 1 1 462
→→←→→ 0 2 528
←←←←← 1 1 512
←←←←← 1 1 483
→→→→→ 1 1 446
→→→→→ 1 1 518
←←←←← 1 1 412
←←→←← 0 1 465
←←←←← 1 1 426
→→←→→ 0 1 483
←←→←← 0 1 555
←←→←← 0 1 884
←←←←← 1 1 606
←←←←← 1 1 608
←←→←← 0 1 451
→→←→→ 0 1 439
→→←→→ 0 1 463
→→→→→ 1 1 519
→→→→→ 1 1 480
