→→←→→ 0 1 1069
→→→→→ 1 1 531
→→←→→ 0 1 533
→→→→→ 1 1 503
←←→←← 0 1 550
→→←→→ 0 1 529
→→←→→ 0 1 457
←←→←← 0 1 458
←←←←← 1 1 449
←←→←← 0 1 441
←←→←← 0 1 466
→→→→→ 1 1 452
←←→←← 0 1 483
→→←→→ 0 1 486
→→←→→ 0 1 457
←←←←← 1 1 438
→→←→→ 0 1 461
→→→→→ 1 1 401
→→→→→ 1 1 417
→→←→→ 0 1 425
→→→→→ 1 1 409
→→→→→ 1 1 437
→→→→→ 1 1 432
←←←←← 1 1 452
←←→←← 0 1 441
→→←→→ 0 1 457
→→→→→ 1 1 414
←←→←← 0 1 435
←←←←← 1 1 421
←←←←← 1 1 423
←←←←← 1 1 415
→→→→→ 1 1 453
→→←→→ 0 1 392
←←←←← 1 1 407
←←→←← 0 1 446
→→→→→ 1 1 441
→→←→→ 0 1 406
→→→→→ 1 1 404
→→→→→ 1 1 423
←←→←← 0 1 444
→→→→→ 1 1 409
→→←→→ 0 1 427
→→→→→ 1 1 389
←←←←← 1 1 445
←←→←← 0 1 414
→→←→→ 0 1 430
←←→←← 0 1 413
←←→←← 0 1 433
←←→←← 0 1 431
→→←→→ 0 1 424
→→←→→ 0 1 430
→→←→→ 0 1 439
←←←←← 1 1 414
→→→→→ 1 1 408
←←→←← 0 1 390
←←→←← 0 1 417
→→→→→ 1 1 405
→→→→→ 1 1 393
←←←←← 1 1 445
←←←←← 1 1 425
←←←←← 1 1 376
←←←←← 1 1 418
→→←→→ 0 2 441
←←→←← 0 1 528
→→→→→ 1 1 409
→→→→→ 1 1 416
←←←←← 1 1 457
→→←→→ 0 1 444
←←→←← 0 1 422
→→←→→ 0 1 460
←←←←← 1 1 450
→→←→→ 0 1 448
→→←→→ 0 1 394
←←←←← 1 1 469
→→←→→ 0 1 460
←←→←← 0 1 467
←←←←← 1 1 400
→→→→→ 1 1 457
←←←←← 1 1 434
←←→←← 0 1 446
←←←←← 1 1 441
←←←←← 1 1 406
→→→→→ 1 1 423
←←→←← 0 1 406
→→←→→ 0 1 413
←←→←← 0 1 418
←←←←← 1 1 463
→→→→→ 1 1 430
←←←←← 1 1 373
←←→←← 0 1 444
←←→←← 0 1 418
←←←←← 1 1 372
→→→→→ 1 1 363
←←←←← 1 1 383
←←→←← 0 1 395
←←→←← 0 1 422
→→→→→ 1 1 413
→→←→→ 0 1 411
←←←←← 1 1 390
→→←→→ 0 1 424
