←←→←← 0 1 1483
←←←←← 1 1 617
←←←←← 1 1 499
←←←←← 1 1 417
←←→←← 0 1 503
→→→→→ 1 1 459
←←←←← 1 1 444
→→→→→ 1 1 440
←←←←← 1 1 369
→→→→→ 1 1 387
→→←→→ 0 1 426
→→→→→ 1 1 401
←←→←← 0 1 489
←←→←← 0 1 423
→→→→→ 1 1 429
→→←→→ 0 1 452
→→←→→ 0 1 429
←←→←← 0 1 417
→→←→→ 0 1 378
→→←→→ 0 1 408
←←←←← 1 1 424
←←→←← 0 1 440
←←←←← 1 1 409
→→←→→ 0 1 429
←←←←← 1 1 446
→→→→→ 1 1 415
→→←→→ 0 1 378
←←←←← 1 1 408
→→←→→ 0 1 439
→→→→→ 1 1 472
←←←←← 1 1 409
←←←←← 1 1 383
←←→←← 0 1 401
→→←→→ 0 1 365
→→→→→ 1 1 392
←←→←← 0 1 419
←←→←← 0 1 412
←←→←← 0 1 364
→→→→→ 1 1 399
←←→←← 0 1 389
→→→→→ 1 1 368
←←←←← 1 1 394
←←←←← 1 1 411
→→←→→ 0 1 425
→→→→→ 1 1 397
→→←→→ 0 1 390
→→←→→ 0 1 408
←←→←← 0 1 411
←←←←← 1 1 381
←←→←← 0 1 363
←←←←← 1 1 362
←←←←← 1 1 357
←←→←← 0 1 384
←←←←← 1 1 364
←←→←← 0 1 350
→→→→→ 1 1 382
←←←←← 1 1 349
→→→→→ 1 1 369
→→→→→ 1 1 399
→→←→→ 0 1 358
→→←→→ 0 1 382
→→→→→ 1 1 337
←←→←← 0 1 380
←←←←← 1 1 332
←←→←← 0 1 327
→→←→→ 0 1 396
←←→←← 0 1 407
→→→→→ 1 1 403
→→→→→ 1 1 386
→→←→→ 0 1 395
→→←→→ 0 1 443
→→→→→ 1 1 384
←←→←← 0 1 444
←←→←← 0 1 398
→→←→→ 0 1 393
→→→→→ 1 1 403
→→→→→ 1 1 381
←←→←← 0 1 415
←←→←← 0 1 418
←←←←← 1 1 390
→→←→→ 0 1 418
←←→←← 0 1 391
→→←→→ 0 1 358
←←←←← 1 1 420
→→→→→ 1 1 393
→→→→→ 1 1 404
←←←←← 1 1 403
→→→→→ 1 1 415
←←←←← 1 1 358
→→←→→ 0 1 433
→→→→→ 1 1 416
←←→←← 0 1 461
←←←←← 1 1 379
→→←→→ 0 1 476
→→←→→ 0 1 468
←←→←← 0 1 458
→→←→→ 0 1 413
←←←←← 1 1 449
→→←→→ 0 1 475
→→→→→ 1 1 406
