→→←→→ 0 1 1743
→→←→→ 0 1 673
→→←→→ 0 1 516
→→←→→ 0 1 407
←←←←← 1 1 328
→→→→→ 1 2 362
→→←→→ 0 1 730
→→←→→ 0 2 473
←←→←← 0 1 709
→→←→→ 0 1 581
→→←→→ 0 1 530
→→→→→ 1 1 531
→→→→→ 1 1 429
←←←←← 1 1 1912
→→→→→ 1 1 1919
←←←←← 1 2 1008
←←→←← 0 1 1173
←←←←← 1 1 657
←←←←← 1 1 743
→→→→→ 1 1 659
←←→←← 0 1 796
→→←→→ 0 1 520
→→←→→ 0 1 740
←←→←← 0 1 650
←←→←← 0 1 597
→→←→→ 0 1 551
→→→→→ 1 1 694
←←→←← 0 1 1044
←←←←← 1 1 774
→→→→→ 1 1 1084
→→←→→ 0 1 426
→→←→→ 0 1 496
→→→→→ 1 1 542
←←←←← 1 1 491
→→←→→ 0 1 1262
←←→←← 0 1 590
←←←←← 1 1 673
←←→←← 0 1 549
←←←←← 1 1 565
←←←←← 1 1 669
←←→←← 0 1 481
→→←→→ 0 1 535
→→→→→ 1 1 443
←←→←← 0 1 508
→→←→→ 0 1 502
←←→←← 0 1 517
←←→←← 0 1 666
←←←←← 1 1 617
→→←→→ 0 1 556
←←←←← 1 1 479
→→→→→ 1 1 408
→→→→→ 1 1 434
←←→←← 0 1 389
→→→→→ 1 1 467
←←←←← 1 1 497
←←→←← 0 1 529
←←→←← 0 1 811
←←→←← 0 1 514
→→→→→ 1 1 592
→→→→→ 1 1 851
←←→←← 0 1 564
→→→→→ 1 1 1350
→→→→→ 1 1 476
→→←→→ 0 1 547
→→→→→ 1 3 2000
→→→→→ 1 1 436
→→→→→ 1 1 474
←←←←← 1 1 647
→→→→→ 1 1 525
←←→←← 0 1 737
←←←←← 1 1 577
→→←→→ 0 1 567
→→→→→ 1 1 612
←←←←← 1 2 394
←←←←← 1 1 1240
←←←←← 1 1 519
→→←→→ 0 1 497
→→←→→ 0 1 508
→→←→→ 0 1 424
←←→←← 0 1 532
←←→←← 0 1 641
←←←←← 1 1 541
←←←←← 1 1 569
←←→←← 0 1 510
←←←←← 1 1 520
←←→←← 0 1 574
←←←←← 1 1 779
→→→→→ 1 1 465
→→→→→ 1 1 508
←←←←← 1 1 482
→→←→→ 0 1 751
←←←←← 1 1 421
←←←←← 1 1 405
→→→→→ 1 2 342
→→←→→ 0 1 517
←←→←← 0 1 634
←←→←← 0 1 581
←←→←← 0 1 550
→→←→→ 0 1 534
→→→→→ 1 1 543
