←←→←← 0 3 2000
→→←→→ 0 1 1902
→→←→→ 0 1 677
→→→→→ 1 1 573
←←→←← 0 1 655
→→←→→ 0 1 495
←←→←← 0 1 502
→→→→→ 1 1 463
→→→→→ 1 1 407
←←←←← 1 1 421
→→→→→ 1 1 441
←←←←← 1 1 379
←←←←← 1 1 410
→→→→→ 1 1 441
←←←←← 1 1 359
→→←→→ 0 1 470
→→→→→ 1 1 466
→→→→→ 1 2 343
←←←←← 1 1 733
→→→→→ 1 1 466
←←→←← 0 1 492
→→→→→ 1 1 446
←←→←← 0 1 562
←←←←← 1 1 671
←←←←← 1 1 474
→→←→→ 0 1 503
→→→→→ 1 1 550
→→←→→ 0 1 491
→→←→→ 0 1 480
→→←→→ 0 1 681
→→→→→ 1 1 633
←←→←← 0 2 451
←←←←← 1 3 2000
←←→←← 0 3 2000
→→→→→ 1 1 573
→→←→→ 0 1 405
←←←←← 1 1 416
→→←→→ 0 1 401
→→→→→ 1 1 454
←←←←← 1 1 419
→→←→→ 0 1 456
←←←←← 1 1 484
←←→←← 0 1 491
→→→→→ 1 1 429
→→→→→ 1 1 411
←←←←← 1 1 387
→→→→→ 1 1 404
→→→→→ 1 1 460
←←←←← 1 1 394
←←→←← 0 1 405
←←←←← 1 1 404
←←→←← 0 1 482
←←→←← 0 2 386
→→←→→ 0 1 591
→→→→→ 1 1 385
→→←→→ 0 1 452
→→←→→ 0 1 484
→→←→→ 0 1 731
→→→→→ 1 1 463
←←→←← 0 1 572
→→→→→ 1 1 420
←←→←← 0 1 579
→→←→→ 0 1 484
←←←←← 1 1 449
←←←←← 1 1 419
←←→←← 0 1 490
←←←←← 1 1 419
←←←←← 1 1 407
→→←→→ 0 1 373
→→→→→ 1 1 454
→→←→→ 0 1 380
←←→←← 0 1 435
→→→→→ 1 1 457
←←→←← 0 1 446
→→→→→ 1 1 373
←←←←← 1 1 472
←←→←← 0 1 499
←←←←← 1 1 441
→→←→→ 0 1 513
←←→←← 0 1 489
←←←←← 1 1 424
←←←←← 1 1 443
←←→←← 0 1 470
←←←←← 1 1 577
→→←→→ 0 1 455
→→←→→ 0 1 717
←←→←← 0 1 469
→→←→→ 0 1 466
←←←←← 1 1 410
←←→←← 0 1 495
←←←←← 1 1 389
→→←→→ 0 1 441
→→→→→ 1 1 639
←←→←← 0 1 469
→→→→→ 1 1 404
→→←→→ 0 1 423
→→←→→ 0 1 401
←←→←← 0 1 514
←←→←← 0 1 486
←←→←← 0 1 456
