←←→←← 0 3 2000
→→→→→ 1 2 851
→→←→→ 0 2 1295
←←←←← 1 1 1407
→→←→→ 0 3 2000
→→→→→ 1 2 1008
←←→←← 0 1 978
←←→←← 0 1 797
←←→←← 0 1 586
→→←→→ 0 1 559
→→→→→ 1 1 628
→→→→→ 1 1 524
←←→←← 0 1 479
←←←←← 1 1 540
←←←←← 1 1 420
→→→→→ 1 1 529
→→←→→ 0 1 478
←←←←← 1 1 425
←←→←← 0 1 498
←←←←← 1 1 429
←←→←← 0 1 436
→→←→→ 0 1 452
→→→→→ 1 1 585
→→←→→ 0 1 547
→→→→→ 1 1 501
←←←←← 1 1 499
←←→←← 0 1 453
→→←→→ 0 1 431
←←←←← 1 1 467
→→←→→ 0 1 418
→→←→→ 0 1 564
←←←←← 1 1 578
←←←←← 1 1 393
←←→←← 0 1 567
→→→→→ 1 1 490
→→→→→ 1 1 420
←←→←← 0 1 408
→→←→→ 0 1 462
→→→→→ 1 1 640
←←←←← 1 1 491
←←←←← 1 1 471
→→→→→ 1 1 543
←←→←← 0 1 494
←←→←← 0 1 616
←←→←← 0 1 433
←←→←← 0 1 515
→→→→→ 1 1 427
←←←←← 1 1 444
←←←←← 1 1 493
→→←→→ 0 1 481
←←←←← 1 1 389
→→→→→ 1 1 564
→→←→→ 0 1 573
←←→←← 0 1 462
←←←←← 1 1 632
←←←←← 1 1 380
←←←←← 1 1 413
←←←←← 1 1 420
→→→→→ 1 1 459
→→→→→ 1 1 451
→→→→→ 1 1 361
←←→←← 0 2 382
→→←→→ 0 2 1341
←←←←← 1 1 664
←←←←← 1 1 591
←←←←← 1 1 483
→→→→→ 1 1 514
←←←←← 1 1 549
→→→→→ 1 1 1077
←←→←← 0 1 898
←←→←← 0 1 414
→→→→→ 1 1 955
→→←→→ 0 1 874
←←←←← 1 1 601
→→←→→ 0 1 445
→→←→→ 0 1 573
←←→←← 0 1 468
←←→←← 0 1 811
→→→→→ 1 1 635
→→←→→ 0 3 2000
→→→→→ 1 1 508
←←→←← 0 1 489
→→→→→ 1 1 481
→→←→→ 0 1 404
→→←→→ 0 1 434
←←→←← 0 1 446
←←→←← 0 2 1073
→→→→→ 1 1 627
←←←←← 1 3 2000
→→←→→ 0 1 560
←←→←← 0 1 1021
→→←→→ 0 2 574
←←→←← 0 1 494
→→←→→ 0 1 997
→→←→→ 0 1 1075
→→→→→ 1 1 540
→→→→→ 1 1 452
→→←→→ 0 1 497
←←←←← 1 1 396
→→←→→ 0 1 408
