→→→→→ 1 1 1011
→→→→→ 1 1 531
→→→→→ 1 1 534
←←→←← 0 2 961
→→←→→ 0 1 817
←←→←← 0 1 659
←←→←← 0 1 586
←←←←← 1 1 627
→→←→→ 0 1 697
→→→→→ 1 1 742
←←→←← 0 1 903
←←→←← 0 1 750
←←←←← 1 1 652
←←←←← 1 1 640
→→→→→ 1 1 739
←←←←← 1 1 675
→→←→→ 0 1 654
←←←←← 1 1 621
←←←←← 1 1 523
→→→→→ 1 1 612
←←←←← 1 1 602
←←←←← 1 1 630
→→→→→ 1 1 656
→→←→→ 0 1 567
→→→→→ 1 1 522
←←→←← 0 1 812
→→→→→ 1 1 556
→→←→→ 0 1 546
→→→→→ 1 1 666
→→←→→ 0 1 580
→→→→→ 1 1 645
←←→←← 0 1 670
→→→→→ 1 1 795
→→→→→ 1 1 601
→→←→→ 0 1 761
→→←→→ 0 1 581
→→←→→ 0 1 595
←←←←← 1 1 560
←←→←← 0 1 686
←←→←← 0 1 758
←←←←← 1 1 560
←←→←← 0 1 562
→→→→→ 1 1 735
←←←←← 1 1 603
←←←←← 1 1 555
←←←←← 1 1 677
←←←←← 1 1 815
←←→←← 0 1 538
→→←→→ 0 1 591
←←←←← 1 1 551
→→←→→ 0 1 560
←←←←← 1 1 602
→→←→→ 0 1 535
→→←→→ 0 1 471
→→→→→ 1 1 808
→→→→→ 1 1 606
→→←→→ 0 1 569
→→←→→ 0 1 689
←←→←← 0 1 756
←←←←← 1 1 1040
←←←←← 1 1 620
←←→←← 0 1 725
←←←←← 1 1 648
←←→←← 0 1 776
←←→←← 0 1 621
←←→←← 0 1 585
→→→→→ 1 1 639
←←←←← 1 1 594
→→←→→ 0 1 611
←←→←← 0 1 582
→→←→→ 0 1 548
←←→←← 0 1 827
→→←→→ 0 1 727
→→→→→ 1 1 943
→→→→→ 1 1 578
←←←←← 1 1 688
←←→←← 0 1 726
→→→→→ 1 1 591
→→→→→ 1 1 530
→→←→→ 0 1 612
←←→←← 0 1 604
→→←→→ 0 1 615
→→←→→ 0 1 854
←←→←← 0 1 641
←←→←← 0 1 694
←←←←← 1 1 542
←←←←← 1 1 748
→→←→→ 0 1 691
←←→←← 0 1 700
→→←→→ 0 1 485
←←←←← 1 1 604
←←←←← 1 1 640
→→→→→ 1 1 661
→→←→→ 0 1 797
→→→→→ 1 1 795
←←→←← 0 1 857
→→→→→ 1 1 698
→→←→→ 0 1 511
←←→←← 0 1 703
→→→→→ 1 1 609
