→→→→→ 1 1 729
→→←→→ 0 1 537
→→←→→ 0 1 498
←←←←← 1 1 386
→→→→→ 1 1 422
→→→→→ 1 1 457
→→←→→ 0 1 403
←←←←← 1 1 388
→→→→→ 1 1 399
←←←←← 1 1 418
→→→→→ 1 1 395
→→→→→ 1 1 398
←←←←← 1 1 398
←←→←← 0 1 458
←←→←← 0 1 423
→→←→→ 0 1 394
←←←←← 1 1 409
←←→←← 0 1 405
→→→→→ 1 1 345
→→→→→ 1 1 328
→→←→→ 0 1 385
←←→←← 0 1 385
→→←→→ 0 1 392
←←←←← 1 1 625
←←←←← 1 1 408
→→←→→ 0 1 598
←←→←← 0 1 438
→→←→→ 0 1 385
←←→←← 0 1 400
←←←←← 1 1 343
→→←→→ 0 1 429
←←←←← 1 1 361
→→←→→ 0 2 415
←←→←← 0 1 1131
→→→→→ 1 1 365
←←→←← 0 1 375
←←→←← 0 1 403
←←←←← 1 1 382
←←→←← 0 1 415
→→←→→ 0 1 372
→→←→→ 0 1 364
→→→→→ 1 1 399
→→←→→ 0 1 381
←←←←← 1 1 312
←←→←← 0 1 402
→→→→→ 1 1 323
←←←←← 1 1 368
→→←→→ 0 1 369
←←←←← 1 1 427
←←←←← 1 1 320
→→→→→ 1 1 405
←←→←← 0 1 412
←←→←← 0 1 360
→→→→→ 1 1 315
→→→→→ 1 1 323
←←→←← 0 1 356
→→→→→ 1 1 287
→→→→→ 1 1 288
→→←→→ 0 1 387
→→←→→ 0 1 297
←←←←← 1 1 281
→→←→→ 0 1 269
→→→→→ 1 1 364
→→←→→ 0 1 412
←←←←← 1 1 419
→→→→→ 1 2 295
→→→→→ 1 1 361
←←←←← 1 1 371
←←←←← 1 1 389
→→←→→ 0 1 405
→→←→→ 0 1 315
→→→→→ 1 1 385
→→→→→ 1 1 303
→→←→→ 0 1 384
→→←→→ 0 1 385
←←→←← 0 1 427
←←←←← 1 1 397
→→→→→ 1 2 406
←←→←← 0 1 406
←←→←← 0 1 369
→→←→→ 0 1 403
←←←←← 1 1 335
←←→←← 0 1 403
←←←←← 1 1 375
←←→←← 0 1 421
←←←←← 1 1 380
←←→←← 0 1 384
←←←←← 1 1 363
→→→→→ 1 1 375
←←→←← 0 1 420
←←→←← 0 1 370
→→←→→ 0 1 410
→→←→→ 0 1 418
←←←←← 1 1 335
←←→←← 0 1 428
←←←←← 1 1 352
←←→←← 0 1 362
→→→→→ 1 1 377
←←→←← 0 1 388
→→→→→ 1 1 319
