→→←→→ 0 1 1983
←←→←← 0 1 1725
→→←→→ 0 1 1009
→→→→→ 1 1 540
←←→←← 0 1 515
→→→→→ 1 1 477
→→←→→ 0 1 646
←←→←← 0 1 532
→→→→→ 1 1 461
←←←←← 1 1 541
→→←→→ 0 1 700
←←→←← 0 1 562
→→←→→ 0 1 631
→→←→→ 0 1 533
←←→←← 0 1 468
→→→→→ 1 1 423
←←←←← 1 1 447
→→←→→ 0 1 505
←←→←← 0 1 472
←←←←← 1 1 497
←←→←← 0 1 497
→→←→→ 0 1 559
←←←←← 1 1 856
←←→←← 0 1 512
←←←←← 1 1 453
→→→→→ 1 1 560
←←→←← 0 1 455
→→→→→ 1 1 476
→→→→→ 1 1 410
←←→←← 0 1 443
←←←←← 1 1 421
→→→→→ 1 1 461
→→→→→ 1 1 440
→→→→→ 1 1 430
←←→←← 0 1 453
←←←←← 1 1 480
→→←→→ 0 1 532
←←←←← 1 1 599
←←→←← 0 1 443
←←←←← 1 1 409
←←→←← 0 1 475
→→←→→ 0 1 401
→→←→→ 0 1 525
←←→←← 0 1 445
←←→←← 0 1 433
←←←←← 1 1 481
→→→→→ 1 1 454
→→→→→ 1 1 377
←←→←← 0 1 400
→→→→→ 1 1 398
→→←→→ 0 1 368
←←→←← 0 1 437
→→→→→ 1 1 368
←←←←← 1 1 409
←←←←← 1 1 405
←←→←← 0 1 385
→→←→→ 0 1 429
→→←→→ 0 1 404
→→←→→ 0 1 486
←←←←← 1 1 402
→→←→→ 0 1 410
→→→→→ 1 1 424
←←←←← 1 1 470
→→→→→ 1 1 441
←←←←← 1 1 415
←←←←← 1 1 381
→→←→→ 0 1 376
←←→←← 0 1 538
←←→←← 0 1 401
←←←←← 1 1 449
→→→→→ 1 1 455
→→←→→ 0 1 440
←←←←← 1 1 554
→→←→→ 0 1 556
←←←←← 1 1 444
→→→→→ 1 1 408
→→→→→ 1 1 365
←←←←← 1 1 438
←←→←← 0 1 447
←←→←← 0 1 414
←←←←← 1 1 445
←←←←← 1 1 453
←←→←← 0 1 461
→→→→→ 1 1 472
←←←←← 1 1 448
→→→→→ 1 1 478
→→→→→ 1 1 449
→→←→→ 0 1 472
←←←←← 1 1 412
→→←→→ 0 1 420
→→←→→ 0 1 491
→→←→→ 0 1 512
←←→←← 0 1 527
→→→→→ 1 1 491
→→←→→ 0 1 447
→→→→→ 1 1 443
→→←→→ 0 1 418
→→→→→ 1 1 429
←←←←← 1 1 402
←←→←← 0 1 418
