→→←→→ 0 1 1324
←←←←← 1 1 743
←←→←← 0 1 581
←←←←← 1 1 654
→→→→→ 1 1 598
→→→→→ 1 1 556
←←→←← 0 1 520
→→→→→ 1 1 442
→→←→→ 0 1 451
←←→←← 0 1 474
←←→←← 0 1 462
→→←→→ 0 1 510
←←←←← 1 1 496
←←←←← 1 1 510
→→→→→ 1 1 494
→→→→→ 1 1 486
→→←→→ 0 1 523
→→→→→ 1 1 485
→→→→→ 1 1 462
←←→←← 0 1 476
←←←←← 1 1 519
→→→→→ 1 1 451
→→→→→ 1 1 476
→→←→→ 0 1 481
→→→→→ 1 1 447
←←→←← 0 1 482
→→→→→ 1 1 421
←←←←← 1 1 502
←←←←← 1 1 430
←←→←← 0 1 474
→→←→→ 0 1 493
→→→→→ 1 1 397
→→←→→ 0 1 430
←←→←← 0 1 496
→→→→→ 1 1 517
→→←→→ 0 1 477
←←←←← 1 1 500
←←←←← 1 1 410
→→←→→ 0 1 497
←←→←← 0 1 440
→→←→→ 0 1 483
→→→→→ 1 1 422
→→←→→ 0 1 429
→→→→→ 1 1 398
←←→←← 0 1 446
→→←→→ 0 1 530
←←→←← 0 1 427
←←←←← 1 1 605
←←←←← 1 1 609
←←←←← 1 1 525
←←→←← 0 1 486
→→←→→ 0 1 502
←←→←← 0 1 440
→→→→→ 1 1 479
→→←→→ 0 1 464
←←←←← 1 1 489
←←→←← 0 1 440
→→←→→ 0 1 521
→→←→→ 0 1 478
→→→→→ 1 1 480
←←→←← 0 1 466
→→→→→ 1 1 422
→→→→→ 1 1 401
←←←←← 1 1 487
→→←→→ 0 1 475
→→→→→ 1 1 463
←←→←← 0 1 397
←←→←← 0 1 407
←←←←← 1 1 472
←←←←← 1 1 418
←←→←← 0 1 454
←←←←← 1 1 467
→→←→→ 0 1 477
→→→→→ 1 1 456
→→→→→ 1 1 441
←←←←← 1 1 454
→→←→→ 0 1 429
←←←←← 1 1 402
←←→←← 0 1 446
→→→→→ 1 1 409
→→→→→ 1 1 385
→→←→→ 0 1 474
→→←→→ 0 1 515
→→←→→ 0 1 426
←←→←← 0 1 443
←←→←← 0 1 388
←←←←← 1 1 670
←←→←← 0 1 467
←←←←← 1 1 454
→→→→→ 1 1 400
→→←→→ 0 1 364
←←→←← 0 1 396
←←→←← 0 1 441
→→←→→ 0 1 440
←←←←← 1 1 439
←←←←← 1 1 435
←←←←← 1 1 390
←←→←← 0 1 482
→→←→→ 0 1 456
←←←←← 1 1 426
