→→→→→ 1 1 1824
←←→←← 0 3 2000
→→→→→ 1 1 572
→→←→→ 0 1 681
←←→←← 0 1 504
←←←←← 1 1 508
←←←←← 1 1 458
→→←→→ 0 1 421
←←→←← 0 1 392
→→←→→ 0 1 508
→→←→→ 0 1 517
←←→←← 0 1 435
→→→→→ 1 1 434
←←←←← 1 1 428
←←←←← 1 1 435
→→←→→ 0 1 416
←←→←← 0 1 408
→→←→→ 0 1 430
→→→→→ 1 1 342
→→←→→ 0 1 397
←←→←← 0 1 388
←←→←← 0 1 455
←←←←← 1 1 411
→→→→→ 1 1 369
←←←←← 1 1 339
→→→→→ 1 1 328
→→→→→ 1 1 365
←←→←← 0 1 474
←←→←← 0 1 381
→→→→→ 1 1 367
→→←→→ 0 1 455
→→→→→ 1 1 363
←←←←← 1 1 401
←←→←← 0 1 320
→→→→→ 1 1 397
←←←←← 1 1 326
→→←→→ 0 2 315
→→→→→ 1 1 387
→→←→→ 0 1 434
←←→←← 0 1 417
←←←←← 1 1 340
←←→←← 0 1 379
→→→→→ 1 1 434
←←←←← 1 1 370
←←→←← 0 1 392
→→→→→ 1 1 388
→→←→→ 0 1 414
←←←←← 1 1 437
←←→←← 0 1 397
→→→→→ 1 1 408
←←→←← 0 1 450
←←←←← 1 1 350
→→←→→ 0 1 465
→→→→→ 1 1 381
→→←→→ 0 1 387
→→→→→ 1 1 415
→→→→→ 1 1 394
←←←←← 1 1 373
←←→←← 0 1 378
→→←→→ 0 1 372
→→←→→ 0 1 435
←←→←← 0 1 453
←←←←← 1 1 373
→→←→→ 0 1 470
←←←←← 1 1 381
←←←←← 1 1 419
←←←←← 1 1 388
→→←→→ 0 1 461
→→→→→ 1 1 435
→→→→→ 1 1 406
←←←←← 1 1 400
→→←→→ 0 1 442
→→→→→ 1 1 373
→→→→→ 1 1 369
←←→←← 0 1 529
←←←←← 1 1 389
←←→←← 0 1 412
←←→←← 0 1 370
→→→→→ 1 1 453
→→→→→ 1 1 391
←←←←← 1 1 389
→→←→→ 0 1 428
→→→→→ 1 1 412
←←←←← 1 1 395
←←→←← 0 1 373
←←←←← 1 1 430
→→←→→ 0 1 444
←←→←← 0 1 420
←←←←← 1 1 374
→→←→→ 0 1 713
→→→→→ 1 1 324
←←→←← 0 1 475
←←→←← 0 1 455
→→←→→ 0 1 386
→→←→→ 0 1 452
←←→←← 0 1 471
←←←←← 1 1 383
←←←←← 1 1 412
→→←→→ 0 1 480
→→←→→ 0 2 439
