←←←←← 1 1 1108
←←→←← 0 1 559
←←←←← 1 1 500
→→→→→ 1 1 453
→→←→→ 0 1 441
←←→←← 0 1 515
←←→←← 0 1 477
→→←→→ 0 1 470
←←→←← 0 1 451
→→→→→ 1 1 353
→→→→→ 1 1 377
←←→←← 0 1 374
←←←←← 1 1 390
→→←→→ 0 1 456
←←→←← 0 1 472
→→→→→ 1 1 404
→→→→→ 1 1 398
←←→←← 0 1 505
←←←←← 1 1 479
→→←→→ 0 1 496
←←→←← 0 1 483
→→←→→ 0 1 490
→→←→→ 0 1 450
→→→→→ 1 1 409
←←→←← 0 1 468
←←→←← 0 1 440
→→←→→ 0 1 436
←←→←← 0 1 456
→→←→→ 0 1 388
→→→→→ 1 1 378
←←→←← 0 1 425
→→←→→ 0 1 418
←←←←← 1 1 385
→→→→→ 1 1 395
←←→←← 0 1 476
→→→→→ 1 1 378
→→←→→ 0 1 443
←←←←← 1 1 356
←←←←← 1 1 311
→→→→→ 1 1 385
→→←→→ 0 1 395
→→←→→ 0 1 378
←←→←← 0 1 414
→→←→→ 0 1 411
←←→←← 0 1 392
←←→←← 0 1 400
←←→←← 0 1 448
→→→→→ 1 1 337
→→←→→ 0 1 407
←←←←← 1 1 340
→→←→→ 0 1 339
←←→←← 0 1 465
←←→←← 0 1 432
→→→→→ 1 1 324
←←←←← 1 1 345
→→←→→ 0 2 322
←←→←← 0 1 496
→→→→→ 1 1 373
→→←→→ 0 1 412
←←←←← 1 1 336
←←←←← 1 1 360
→→→→→ 1 1 433
→→→→→ 1 1 300
→→←→→ 0 1 401
→→←→→ 0 1 360
→→←→→ 0 1 336
→→→→→ 1 1 383
→→←→→ 0 1 333
←←←←← 1 1 332
←←→←← 0 2 314
←←←←← 1 1 409
→→→→→ 1 1 423
←←←←← 1 1 361
→→→→→ 1 1 342
←←←←← 1 1 305
→→←→→ 0 1 446
←←→←← 0 1 348
←←←←← 1 1 374
←←←←← 1 1 316
→→→→→ 1 1 359
←←→←← 0 1 497
→→→→→ 1 1 368
←←←←← 1 1 326
→→→→→ 1 1 389
←←←←← 1 1 368
→→←→→ 0 1 353
→→→→→ 1 1 404
←←→←← 0 1 428
→→→→→ 1 1 411
→→→→→ 1 1 426
→→←→→ 0 1 422
→→←→→ 0 1 380
←←←←← 1 1 367
→→→→→ 1 1 453
←←←←← 1 1 422
←←←←← 1 1 337
←←←←← 1 1 357
←←←←← 1 1 336
←←→←← 0 1 413
←←←←← 1 1 344
