→→←→→ 0 1 1734
→→→→→ 1 1 755
←←→←← 0 1 1248
←←←←← 1 1 843
→→→→→ 1 1 630
→→→→→ 1 1 600
→→→→→ 1 1 754
→→←→→ 0 1 577
←←→←← 0 1 480
←←→←← 0 1 516
→→→→→ 1 1 377
←←←←← 1 1 439
→→←→→ 0 1 968
←←←←← 1 1 412
→→←→→ 0 1 471
←←←←← 1 1 390
→→←→→ 0 1 454
→→→→→ 1 1 499
→→→→→ 1 1 416
→→→→→ 1 1 405
→→←→→ 0 1 515
←←←←← 1 1 468
→→→→→ 1 1 734
→→→→→ 1 1 771
→→←→→ 0 1 485
→→←→→ 0 1 379
→→→→→ 1 1 450
←←→←← 0 1 354
→→→→→ 1 1 386
←←→←← 0 1 354
→→←→→ 0 2 340
←←→←← 0 1 1084
←←→←← 0 1 611
→→←→→ 0 1 788
→→→→→ 1 1 482
←←→←← 0 1 438
←←←←← 1 1 415
→→←→→ 0 1 511
→→→→→ 1 1 412
→→→→→ 1 1 521
←←→←← 0 1 405
←←←←← 1 1 409
→→→→→ 1 1 487
←←←←← 1 1 545
←←→←← 0 1 475
←←→←← 0 1 587
←←←←← 1 1 482
←←←←← 1 1 422
←←←←← 1 1 571
→→→→→ 1 1 519
←←←←← 1 1 388
←←→←← 0 1 530
→→←→→ 0 1 387
←←→←← 0 1 580
→→←→→ 0 1 424
←←←←← 1 1 599
→→←→→ 0 1 472
→→←→→ 0 1 441
→→←→→ 0 1 411
←←←←← 1 1 345
←←→←← 0 1 647
←←←←← 1 1 478
←←←←← 1 1 588
→→→→→ 1 1 526
→→←→→ 0 1 569
←←→←← 0 1 477
→→→→→ 1 2 372
→→←→→ 0 1 741
→→←→→ 0 1 476
←←←←← 1 1 461
→→→→→ 1 1 419
←←→←← 0 1 359
←←→←← 0 1 382
→→→→→ 1 1 457
→→→→→ 1 1 386
←←→←← 0 1 383
→→←→→ 0 1 530
→→←→→ 0 1 552
←←→←← 0 1 412
→→→→→ 1 1 415
←←←←← 1 1 434
→→→→→ 1 1 369
→→←→→ 0 1 354
←←→←← 0 1 410
←←←←← 1 1 447
→→←→→ 0 1 453
→→→→→ 1 1 460
←←←←← 1 1 421
←←→←← 0 1 473
→→←→→ 0 1 536
←←←←← 1 1 452
←←→←← 0 1 734
←←←←← 1 1 367
→→←→→ 0 1 502
←←←←← 1 1 413
←←←←← 1 1 401
←←←←← 1 1 429
←←→←← 0 1 605
←←→←← 0 1 502
←←→←← 0 1 613
