←←→←← 0 3 2000
←←→←← 0 2 572
→→→→→ 1 1 351
→→→→→ 1 1 381
←←←←← 1 1 435
←←←←← 1 1 369
←←→←← 0 1 406
→→←→→ 0 1 357
→→←→→ 0 2 369
←←→←← 0 1 398
←←→←← 0 1 427
←←→←← 0 1 330
←←←←← 1 1 367
→→←→→ 0 1 409
←←←←← 1 1 362
→→←→→ 0 1 343
→→←→→ 0 1 344
←←←←← 1 1 349
→→→→→ 1 1 435
→→←→→ 0 1 382
←←→←← 0 1 375
→→→→→ 1 2 330
→→←→→ 0 1 473
→→←→→ 0 1 355
→→→→→ 1 1 399
→→→→→ 1 1 402
→→→→→ 1 1 482
←←←←← 1 1 401
←←←←← 1 1 437
←←→←← 0 1 454
→→←→→ 0 1 397
←←→←← 0 1 361
←←←←← 1 1 366
→→→→→ 1 1 385
→→←→→ 0 1 368
←←→←← 0 1 435
←←→←← 0 1 442
→→←→→ 0 1 469
→→→→→ 1 1 394
←←←←← 1 1 447
→→→→→ 1 1 447
←←→←← 0 1 378
→→←→→ 0 1 419
→→→→→ 1 1 383
←←→←← 0 1 446
←←←←← 1 1 368
←←→←← 0 1 369
←←→←← 0 1 471
←←→←← 0 1 482
→→←→→ 0 1 382
→→←→→ 0 1 469
←←←←← 1 1 375
←←←←← 1 1 403
←←←←← 1 1 418
→→←→→ 0 1 408
←←→←← 0 1 506
→→←→→ 0 1 376
→→→→→ 1 1 420
←←→←← 0 1 413
→→→→→ 1 1 601
←←←←← 1 1 468
→→←→→ 0 1 511
→→→→→ 1 1 473
→→→→→ 1 1 418
→→←→→ 0 1 429
←←→←← 0 1 418
←←←←← 1 1 405
←←←←← 1 1 330
←←←←← 1 1 461
→→→→→ 1 1 448
←←→←← 0 1 395
→→←→→ 0 1 399
→→←→→ 0 1 454
←←←←← 1 1 374
→→←→→ 0 1 381
→→←→→ 0 1 386
←←←←← 1 1 406
←←←←← 1 1 351
←←→←← 0 1 499
→→→→→ 1 1 405
→→→→→ 1 1 431
→→→→→ 1 1 421
←←←←← 1 1 392
←←→←← 0 1 394
→→→→→ 1 1 386
→→→→→ 1 1 405
←←→←← 0 1 427
→→→→→ 1 1 503
←←←←← 1 1 450
→→→→→ 1 1 459
←←→←← 0 1 390
→→→→→ 1 1 367
→→←→→ 0 1 416
→→←→→ 0 1 397
→→←→→ 0 1 365
←←←←← 1 1 343
←←←←← 1 1 317
→→→→→ 1 1 520
←←←←← 1 1 412
←←→←← 0 1 549
