→→→→→ 1 1 1743
→→←→→ 0 1 538
←←←←← 1 1 494
→→→→→ 1 1 457
←←←←← 1 1 432
→→←→→ 0 1 567
←←→←← 0 1 508
→→→→→ 1 1 631
←←←←← 1 1 518
→→→→→ 1 1 440
←←→←← 0 1 530
←←←←← 1 1 480
→→←→→ 0 1 581
←←→←← 0 1 593
←←→←← 0 1 745
←←←←← 1 1 433
←←←←← 1 1 452
→→←→→ 0 1 565
→→←→→ 0 1 470
→→→→→ 1 1 424
←←←←← 1 1 522
→→←→→ 0 1 466
←←←←← 1 1 697
←←←←← 1 1 398
←←←←← 1 1 434
←←←←← 1 1 432
→→→→→ 1 1 434
←←←←← 1 1 504
←←→←← 0 1 451
→→←→→ 0 1 428
←←→←← 0 2 463
→→←→→ 0 1 696
←←→←← 0 1 470
←←→←← 0 1 423
←←←←← 1 1 459
←←←←← 1 1 485
←←←←← 1 1 435
→→→→→ 1 1 596
→→→→→ 1 1 384
←←→←← 0 1 463
→→→→→ 1 1 396
→→←→→ 0 1 431
→→→→→ 1 1 467
→→→→→ 1 1 433
→→←→→ 0 1 442
→→→→→ 1 1 539
→→←→→ 0 1 403
→→←→→ 0 1 492
→→←→→ 0 1 437
←←←←← 1 1 461
→→←→→ 0 1 502
→→→→→ 1 1 468
→→→→→ 1 1 439
←←←←← 1 1 414
←←←←← 1 1 393
←←→←← 0 1 486
→→→→→ 1 1 414
→→→→→ 1 1 435
→→←→→ 0 1 492
←←→←← 0 1 512
←←→←← 0 1 508
→→→→→ 1 1 432
→→←→→ 0 1 457
→→←→→ 0 1 688
←←→←← 0 1 461
←←←←← 1 1 349
←←→←← 0 1 458
→→←→→ 0 1 509
←←→←← 0 1 492
←←→←← 0 1 464
←←←←← 1 1 441
←←←←← 1 1 394
→→←→→ 0 1 454
→→→→→ 1 1 427
←←→←← 0 1 473
→→→→→ 1 1 389
←←←←← 1 1 392
→→←→→ 0 1 427
←←→←← 0 1 491
←←→←← 0 1 576
→→→→→ 1 1 404
→→←→→ 0 1 576
→→←→→ 0 1 494
→→→→→ 1 1 418
←←→←← 0 1 440
←←→←← 0 1 475
←←→←← 0 1 410
←←→←← 0 1 385
→→→→→ 1 1 395
→→→→→ 1 1 400
→→←→→ 0 1 448
→→→→→ 1 1 439
→→→→→ 1 1 516
←←←←← 1 1 442
←←←←← 1 1 428
←←←←← 1 1 484
→→←→→ 0 1 438
←←→←← 0 1 519
←←→←← 0 1 411
→→←→→ 0 1 491
