←←→←← 0 1 1546
←←→←← 0 1 763
→→←→→ 0 1 556
←←←←← 1 1 499
←←→←← 0 1 514
←←←←← 1 1 480
→→→→→ 1 1 443
→→→→→ 1 1 504
→→→→→ 1 1 445
←←←←← 1 1 473
←←→←← 0 1 453
←←→←← 0 1 465
←←→←← 0 1 466
→→→→→ 1 1 452
→→→→→ 1 1 451
→→→→→ 1 1 451
←←←←← 1 1 482
←←←←← 1 1 459
←←→←← 0 1 459
←←→←← 0 1 432
←←→←← 0 1 427
→→→→→ 1 1 433
→→→→→ 1 1 437
←←→←← 0 1 436
←←→←← 0 1 376
→→→→→ 1 1 390
→→→→→ 1 1 382
→→←→→ 0 1 519
→→→→→ 1 1 416
←←→←← 0 1 451
→→←→→ 0 1 594
→→←→→ 0 1 472
←←←←← 1 1 419
→→←→→ 0 1 485
←←→←← 0 1 530
←←←←← 1 1 456
→→→→→ 1 1 438
→→←→→ 0 1 482
←←→←← 0 1 454
→→←→→ 0 1 435
→→←→→ 0 1 416
→→→→→ 1 1 469
→→←→→ 0 1 447
←←←←← 1 1 439
→→←→→ 0 1 431
→→←→→ 0 1 475
←←←←← 1 1 485
←←→←← 0 1 481
←←→←← 0 1 471
←←→←← 0 1 500
←←←←← 1 1 496
→→→→→ 1 1 442
←←←←← 1 1 433
←←←←← 1 1 443
←←←←← 1 1 461
→→→→→ 1 1 440
→→→→→ 1 1 441
←←→←← 0 1 938
→→←→→ 0 1 823
→→←→→ 0 1 490
←←←←← 1 1 447
←←←←← 1 1 510
→→←→→ 0 1 440
→→→→→ 1 1 401
←←←←← 1 1 443
←←→←← 0 1 453
→→←→→ 0 1 474
←←←←← 1 1 472
→→→→→ 1 1 468
→→←→→ 0 1 456
→→→→→ 1 1 394
←←←←← 1 1 425
→→←→→ 0 1 421
←←→←← 0 1 477
→→←→→ 0 1 473
→→←→→ 0 1 405
←←←←← 1 1 402
←←→←← 0 1 445
←←→←← 0 1 468
→→←→→ 0 1 449
←←←←← 1 1 408
←←→←← 0 1 468
→→→→→ 1 1 457
←←←←← 1 1 472
→→→→→ 1 1 466
←←←←← 1 1 415
←←←←← 1 1 446
→→←→→ 0 1 412
←←←←← 1 1 431
←←←←← 1 1 474
→→→→→ 1 1 478
→→←→→ 0 1 556
←←→←← 0 1 488
→→→→→ 1 1 439
→→←→→ 0 1 435
→→→→→ 1 1 568
→→←→→ 0 1 435
←←→←← 0 1 402
→→→→→ 1 1 380
→→←→→ 0 1 467
