→→←→→ 0 1 1001
←←→←← 0 1 677
→→→→→ 1 1 572
←←→←← 0 1 529
←←→←← 0 1 512
←←←←← 1 1 450
→→→→→ 1 1 427
→→→→→ 1 1 412
←←→←← 0 1 464
←←←←← 1 1 413
←←→←← 0 1 411
←←←←← 1 1 386
←←←←← 1 1 423
→→→→→ 1 1 365
→→→→→ 1 1 413
→→→→→ 1 1 423
←←←←← 1 1 408
←←←←← 1 1 442
→→→→→ 1 1 429
→→←→→ 0 1 466
→→←→→ 0 1 394
←←→←← 0 1 410
→→→→→ 1 1 389
→→→→→ 1 1 403
→→←→→ 0 1 391
→→→→→ 1 1 456
←←←←← 1 1 427
→→←→→ 0 1 423
←←←←← 1 1 474
←←→←← 0 1 428
→→→→→ 1 1 439
←←←←← 1 1 427
→→→→→ 1 1 403
←←←←← 1 1 433
←←→←← 0 1 389
←←←←← 1 1 381
→→→→→ 1 1 360
←←←←← 1 1 395
→→←→→ 0 1 435
←←←←← 1 1 412
→→←→→ 0 1 719
←←→←← 0 1 441
→→←→→ 0 1 406
→→→→→ 1 1 402
→→→→→ 1 1 432
→→→→→ 1 1 407
←←→←← 0 1 490
→→←→→ 0 1 435
→→←→→ 0 1 423
←←←←← 1 1 387
→→←→→ 0 1 381
←←→←← 0 1 407
→→←→→ 0 1 375
←←←←← 1 1 386
→→←→→ 0 1 396
→→←→→ 0 1 399
←←→←← 0 1 426
→→←→→ 0 1 381
←←→←← 0 1 399
→→→→→ 1 1 429
→→→→→ 1 1 464
←←→←← 0 1 463
→→←→→ 0 1 443
→→←→→ 0 1 403
→→←→→ 0 1 409
←←→←← 0 1 437
→→←→→ 0 1 435
←←←←← 1 1 415
←←←←← 1 1 414
→→←→→ 0 1 375
←←←←← 1 1 404
←←→←← 0 1 442
←←←←← 1 1 395
→→→→→ 1 1 414
←←→←← 0 1 450
←←←←← 1 1 378
→→←→→ 0 1 461
→→→→→ 1 1 410
←←←←← 1 1 455
←←→←← 0 1 419
←←→←← 0 1 434
→→←→→ 0 1 411
←←←←← 1 1 419
→→←→→ 0 1 547
→→→→→ 1 1 428
→→→→→ 1 1 404
←←←←← 1 1 426
→→→→→ 1 1 368
→→←→→ 0 1 438
→→→→→ 1 1 430
←←→←← 0 1 420
←←→←← 0 1 388
←←→←← 0 1 437
←←→←← 0 1 426
←←←←← 1 1 416
←←→←← 0 1 424
→→→→→ 1 1 456
←←→←← 0 1 404
←←←←← 1 1 414
→→←→→ 0 1 411
