←←→←← 0 3 2000
←←←←← 1 1 750
→→←→→ 0 1 983
→→←→→ 0 1 711
→→←→→ 0 1 601
←←→←← 0 1 554
←←→←← 0 1 563
→→←→→ 0 1 580
←←←←← 1 1 647
→→←→→ 0 1 647
←←→←← 0 1 586
→→→→→ 1 1 597
→→←→→ 0 1 578
→→→→→ 1 1 596
←←←←← 1 1 603
←←←←← 1 1 628
→→→→→ 1 1 590
→→→→→ 1 1 586
→→←→→ 0 1 587
←←→←← 0 1 569
→→→→→ 1 1 602
→→→→→ 1 1 603
←←→←← 0 1 638
→→←→→ 0 1 547
←←→←← 0 1 470
→→←→→ 0 1 592
→→←→→ 0 1 586
←←←←← 1 1 581
←←→←← 0 1 531
←←←←← 1 1 569
←←→←← 0 1 573
→→→→→ 1 1 533
←←→←← 0 1 589
←←→←← 0 1 596
→→→→→ 1 1 555
→→←→→ 0 1 566
←←→←← 0 1 492
←←→←← 0 1 524
←←←←← 1 1 552
←←→←← 0 1 536
→→→→→ 1 1 546
→→→→→ 1 1 525
←←→←← 0 1 624
→→→→→ 1 1 501
←←←←← 1 1 584
→→→→→ 1 1 501
→→←→→ 0 1 572
→→→→→ 1 1 507
←←→←← 0 1 553
←←←←← 1 1 493
→→→→→ 1 1 588
→→→→→ 1 1 542
→→←→→ 0 1 539
→→→→→ 1 1 528
←←←←← 1 1 556
→→←→→ 0 1 500
→→←→→ 0 1 501
←←←←← 1 1 497
→→→→→ 1 1 530
→→→→→ 1 1 458
←←←←← 1 1 438
→→←→→ 0 1 544
←←→←← 0 1 466
←←→←← 0 1 476
→→→→→ 1 1 549
→→→→→ 1 1 486
←←←←← 1 1 521
→→←→→ 0 1 495
←←←←← 1 1 439
←←→←← 0 1 480
←←←←← 1 1 469
→→→→→ 1 1 506
←←←←← 1 1 486
←←←←← 1 1 482
→→←→→ 0 1 567
→→←→→ 0 1 575
←←←←← 1 1 532
→→→→→ 1 1 500
→→←→→ 0 1 472
←←←←← 1 1 440
→→←→→ 0 1 583
←←←←← 1 1 530
←←→←← 0 1 802
←←←←← 1 1 450
→→→→→ 1 1 601
←←→←← 0 1 508
←←←←← 1 1 521
←←→←← 0 1 466
→→←→→ 0 1 504
→→←→→ 0 1 491
→→→→→ 1 1 498
←←→←← 0 1 541
→→←→→ 0 1 456
←←→←← 0 1 509
→→→→→ 1 1 521
←←←←← 1 1 507
←←←←← 1 1 483
←←→←← 0 1 447
→→←→→ 0 1 471
←←←←← 1 1 467
