→→→→→ 1 3 2000
→→→→→ 1 1 829
→→←→→ 0 1 599
→→→→→ 1 1 382
→→→→→ 1 1 394
→→←→→ 0 1 405
←←→←← 0 1 384
←←→←← 0 1 376
←←→←← 0 1 365
→→←→→ 0 1 440
←←→←← 0 1 403
→→→→→ 1 1 435
←←→←← 0 1 465
←←←←← 1 1 415
→→←→→ 0 1 485
→→→→→ 1 1 381
←←←←← 1 1 375
←←→←← 0 1 389
→→←→→ 0 1 385
←←→←← 0 1 388
→→→→→ 1 1 349
←←←←← 1 1 384
→→←→→ 0 2 362
←←←←← 1 1 397
→→←→→ 0 1 422
→→←→→ 0 1 391
←←→←← 0 1 396
←←←←← 1 1 414
→→→→→ 1 1 370
→→←→→ 0 1 363
←←→←← 0 1 474
←←←←← 1 1 369
→→←→→ 0 1 379
←←→←← 0 1 403
←←←←← 1 1 342
→→→→→ 1 1 350
→→→→→ 1 1 358
←←→←← 0 1 429
←←←←← 1 1 355
←←→←← 0 1 432
←←←←← 1 1 505
←←←←← 1 1 348
→→←→→ 0 1 403
→→→→→ 1 1 332
→→←→→ 0 1 399
←←←←← 1 1 356
←←→←← 0 1 406
←←←←← 1 1 438
→→→→→ 1 1 333
→→←→→ 0 1 360
→→←→→ 0 1 361
←←→←← 0 1 383
→→→→→ 1 1 345
→→←→→ 0 1 426
→→→→→ 1 1 378
→→←→→ 0 1 372
→→→→→ 1 1 411
←←←←← 1 1 374
←←→←← 0 1 329
→→←→→ 0 1 358
→→→→→ 1 1 360
←←←←← 1 1 385
←←→←← 0 1 353
→→←→→ 0 1 355
←←←←← 1 1 364
←←→←← 0 1 366
←←←←← 1 1 340
→→→→→ 1 1 353
←←←←← 1 1 363
→→→→→ 1 1 362
←←→←← 0 1 387
←←←←← 1 1 354
←←→←← 0 1 397
→→←→→ 0 1 407
→→→→→ 1 1 394
→→←→→ 0 1 404
←←←←← 1 1 346
←←←←← 1 1 329
→→←→→ 0 1 285
→→→→→ 1 1 345
→→←→→ 0 1 374
←←←←← 1 1 329
←←→←← 0 1 398
←←←←← 1 1 341
→→→→→ 1 1 357
←←→←← 0 1 407
→→←→→ 0 1 384
→→←→→ 0 1 301
←←←←← 1 1 349
→→→→→ 1 1 349
←←←←← 1 1 519
←←→←← 0 1 403
←←→←← 0 1 385
→→←→→ 0 1 388
←←←←← 1 1 328
→→→→→ 1 1 368
→→→→→ 1 1 433
←←→←← 0 1 394
→→→→→ 1 1 342
←←→←← 0 1 326
