→→←→→ 0 1 1978
←←←←← 1 3 2000
→→→→→ 1 1 718
→→←→→ 0 1 975
→→→→→ 1 1 680
→→→→→ 1 1 470
→→←→→ 0 1 589
←←←←← 1 1 530
→→←→→ 0 1 429
←←→←← 0 1 459
→→→→→ 1 1 408
→→→→→ 1 1 370
→→←→→ 0 1 449
←←→←← 0 1 468
←←→←← 0 1 401
→→←→→ 0 1 411
→→←→→ 0 1 435
←←→←← 0 1 403
←←←←← 1 1 440
←←←←← 1 1 434
←←←←← 1 1 393
←←→←← 0 1 398
→→←→→ 0 1 374
←←→←← 0 1 378
←←←←← 1 1 392
→→→→→ 1 1 341
→→←→→ 0 1 381
←←←←← 1 1 382
→→←→→ 0 1 408
←←←←← 1 1 358
→→←→→ 0 1 346
→→→→→ 1 1 424
→→→→→ 1 1 444
←←←←← 1 1 372
→→←→→ 0 1 444
→→←→→ 0 1 393
→→←→→ 0 1 551
←←→←← 0 1 391
→→→→→ 1 1 391
←←←←← 1 1 350
→→←→→ 0 1 424
←←←←← 1 1 388
←←←←← 1 1 325
→→→→→ 1 1 390
←←←←← 1 1 321
→→←→→ 0 1 330
→→→→→ 1 1 384
←←→←← 0 1 378
←←→←← 0 1 364
←←→←← 0 1 434
←←←←← 1 1 346
→→→→→ 1 1 416
→→→→→ 1 1 379
→→←→→ 0 1 351
→→→→→ 1 1 376
←←→←← 0 1 364
→→→→→ 1 1 357
←←←←← 1 1 394
→→←→→ 0 1 398
←←→←← 0 1 318
←←→←← 0 1 366
←←←←← 1 1 353
→→→→→ 1 1 346
←←←←← 1 1 313
←←→←← 0 1 415
←←→←← 0 1 411
→→←→→ 0 1 444
←←→←← 0 1 355
←←→←← 0 1 388
→→→→→ 1 1 403
←←←←← 1 1 446
←←→←← 0 1 386
←←←←← 1 1 356
←←←←← 1 1 394
←←←←← 1 1 350
→→→→→ 1 1 392
→→→→→ 1 1 323
→→←→→ 0 1 389
←←→←← 0 1 363
→→←→→ 0 1 476
→→→→→ 1 1 386
←←→←← 0 1 372
→→→→→ 1 1 364
←←→←← 0 1 433
←←←←← 1 1 399
→→→→→ 1 1 323
→→→→→ 1 1 434
←←←←← 1 1 418
←←←←← 1 1 366
→→→→→ 1 1 362
→→→→→ 1 1 360
←←→←← 0 1 412
→→←→→ 0 1 406
→→←→→ 0 1 363
→→←→→ 0 1 424
→→←→→ 0 1 419
←←→←← 0 1 453
←←←←← 1 1 372
←←→←← 0 1 378
←←→←← 0 1 384
