←←←←← 1 1 1408
→→→→→ 1 1 875
→→→→→ 1 1 446
←←←←← 1 1 343
←←←←← 1 1 330
→→←→→ 0 1 395
→→→→→ 1 1 368
←←←←← 1 1 361
→→←→→ 0 1 350
←←←←← 1 1 342
←←→←← 0 1 347
←←←←← 1 1 360
→→→→→ 1 1 359
→→←→→ 0 1 358
←←→←← 0 1 345
→→→→→ 1 1 342
→→→→→ 1 1 335
→→→→→ 1 1 306
←←←←← 1 1 319
←←→←← 0 1 382
→→→→→ 1 1 374
←←→←← 0 1 440
→→→→→ 1 1 318
→→→→→ 1 1 310
→→→→→ 1 1 330
→→→→→ 1 1 306
←←→←← 0 2 366
→→→→→ 1 1 472
←←→←← 0 1 445
←←←←← 1 1 369
←←←←← 1 1 334
→→←→→ 0 2 368
→→←→→ 0 1 564
←←→←← 0 1 348
→→←→→ 0 1 351
→→→→→ 1 1 341
→→←→→ 0 1 333
→→←→→ 0 1 332
←←←←← 1 1 407
→→→→→ 1 1 321
→→←→→ 0 1 352
←←←←← 1 1 320
←←→←← 0 1 346
←←←←← 1 1 347
←←←←← 1 1 308
←←←←← 1 1 298
→→←→→ 0 2 302
→→←→→ 0 1 522
→→→→→ 1 1 450
→→←→→ 0 1 432
←←→←← 0 1 1280
→→→→→ 1 1 425
→→←→→ 0 1 345
→→←→→ 0 1 375
→→←→→ 0 1 335
←←→←← 0 1 370
←←→←← 0 1 354
←←→←← 0 1 361
→→←→→ 0 1 342
→→←→→ 0 1 310
→→→→→ 1 1 360
←←←←← 1 1 313
←←←←← 1 1 324
→→→→→ 1 1 364
→→←→→ 0 1 339
←←→←← 0 1 342
←←←←← 1 1 292
→→→→→ 1 1 323
→→→→→ 1 1 362
→→→→→ 1 1 386
←←←←← 1 1 291
→→→→→ 1 1 480
←←←←← 1 1 340
→→←→→ 0 1 362
→→←→→ 0 1 373
→→←→→ 0 2 397
←←←←← 1 1 443
←←←←← 1 1 305
→→←→→ 0 1 383
←←→←← 0 1 366
←←←←← 1 1 319
←←→←← 0 1 380
←←→←← 0 1 388
→→←→→ 0 1 345
←←→←← 0 1 693
→→→→→ 1 1 399
←←→←← 0 1 398
←←→←← 0 1 360
←←→←← 0 1 342
←←←←← 1 1 365
←←→←← 0 1 337
→→←→→ 0 1 320
←←→←← 0 1 326
←←←←← 1 2 287
→→←→→ 0 1 445
←←→←← 0 1 406
←←→←← 0 1 391
→→→→→ 1 1 499
←←←←← 1 1 331
←←→←← 0 1 410
