←←→←← 0 3 2000
←←→←← 0 3 2000
←←→←← 0 1 1581
←←→←← 0 1 1099
→→←→→ 0 1 543
→→→→→ 1 1 537
→→→→→ 1 1 520
←←→←← 0 1 499
←←←←← 1 1 474
→→→→→ 1 1 396
→→←→→ 0 1 560
←←←←← 1 1 550
←←→←← 0 1 446
→→←→→ 0 1 424
←←←←← 1 1 415
→→→→→ 1 1 384
→→→→→ 1 1 419
→→←→→ 0 1 401
←←←←← 1 1 500
←←→←← 0 1 488
→→←→→ 0 1 436
→→←→→ 0 1 506
←←→←← 0 1 436
→→←→→ 0 1 417
→→←→→ 0 1 441
→→←→→ 0 1 468
→→→→→ 1 1 414
→→←→→ 0 1 437
←←→←← 0 1 427
→→→→→ 1 1 460
←←→←← 0 1 421
→→←→→ 0 1 401
←←←←← 1 1 400
→→→→→ 1 1 445
←←←←← 1 1 450
←←←←← 1 1 387
→→←→→ 0 1 428
←←←←← 1 1 399
←←→←← 0 1 464
←←←←← 1 1 365
←←←←← 1 1 410
←←←←← 1 1 399
←←→←← 0 1 467
←←←←← 1 1 374
→→→→→ 1 1 480
→→→→→ 1 1 428
→→←→→ 0 1 477
←←→←← 0 1 494
←←←←← 1 1 477
←←→←← 0 1 389
→→→→→ 1 1 409
←←→←← 0 2 400
←←←←← 1 1 444
←←←←← 1 1 410
→→→→→ 1 1 450
→→→→→ 1 1 395
→→→→→ 1 1 424
←←→←← 0 1 362
←←→←← 0 1 416
←←←←← 1 1 428
←←←←← 1 1 436
←←←←← 1 2 475
→→←→→ 0 1 466
←←←←← 1 1 523
→→←→→ 0 1 424
←←→←← 0 1 427
→→→→→ 1 1 451
←←←←← 1 1 422
→→→→→ 1 1 439
←←←←← 1 1 410
←←←←← 1 1 464
←←←←← 1 1 386
←←→←← 0 1 434
→→←→→ 0 1 358
←←→←← 0 1 458
→→←→→ 0 1 416
→→→→→ 1 1 436
→→←→→ 0 1 391
→→←→→ 0 1 408
→→→→→ 1 1 434
→→→→→ 1 1 430
→→→→→ 1 1 412
→→→→→ 1 1 419
→→→→→ 1 1 432
→→←→→ 0 1 415
→→←→→ 0 1 400
←←→←← 0 1 464
←←→←← 0 1 462
←←→←← 0 1 368
→→←→→ 0 1 440
→→←→→ 0 1 476
→→←→→ 0 1 501
→→←→→ 0 1 427
←←→←← 0 1 436
→→→→→ 1 1 456
→→→→→ 1 1 387
←←←←← 1 1 463
←←←←← 1 1 446
→→→→→ 1 1 482
←←→←← 0 1 546
