←←→←← 0 1 802
→→→→→ 1 1 836
←←→←← 0 1 626
→→→→→ 1 1 873
→→→→→ 1 1 953
←←←←← 1 1 716
→→←→→ 0 3 2000
←←→←← 0 1 628
←←←←← 1 1 1032
→→←→→ 0 1 970
←←←←← 1 1 1033
→→←→→ 0 1 551
←←→←← 0 1 1021
→→←→→ 0 1 1078
←←←←← 1 1 962
←←→←← 0 1 636
→→→→→ 1 1 879
→→→→→ 1 1 579
→→→→→ 1 1 954
←←←←← 1 1 1127
→→→→→ 1 1 979
→→←→→ 0 1 1046
→→→→→ 1 1 1118
←←←←← 1 1 1039
→→←→→ 0 1 1100
←←→←← 0 1 1283
→→←→→ 0 1 902
→→→→→ 1 1 996
→→←→→ 0 1 1102
→→→→→ 1 1 1169
→→←→→ 0 1 1167
→→←→→ 0 1 788
←←→←← 0 1 960
→→←→→ 0 1 533
←←←←← 1 1 1032
→→←→→ 0 1 492
→→→→→ 1 1 490
→→←→→ 0 1 975
→→→→→ 1 1 545
←←→←← 0 1 976
→→→→→ 1 1 955
←←←←← 1 1 564
←←←←← 1 1 993
←←←←← 1 1 545
→→→→→ 1 1 1015
←←→←← 0 1 508
→→→→→ 1 1 430
→→→→→ 1 1 480
←←→←← 0 1 545
←←→←← 0 1 388
→→←→→ 0 1 584
→→←→→ 0 1 485
←←←←← 1 1 434
→→→→→ 1 1 474
←←←←← 1 2 492
→→←→→ 0 3 2000
←←←←← 1 3 2000
→→←→→ 0 1 1116
←←→←← 0 1 954
←←←←← 1 1 593
←←→←← 0 1 916
→→←→→ 0 1 476
←←→←← 0 1 1031
→→←→→ 0 1 583
→→→→→ 1 1 480
→→←→→ 0 1 482
→→←→→ 0 1 481
←←→←← 0 1 939
←←←←← 1 1 496
→→→→→ 1 1 479
←←←←← 1 1 427
←←→←← 0 1 498
←←←←← 1 1 984
←←→←← 0 1 493
→→→→→ 1 1 937
→→→→→ 1 1 483
→→→→→ 1 1 973
→→→→→ 1 1 526
←←→←← 0 1 873
←←→←← 0 1 533
←←←←← 1 1 556
←←→←← 0 1 920
→→←→→ 0 2 965
←←→←← 0 1 1018
←←→←← 0 1 906
←←←←← 1 1 491
→→←→→ 0 1 518
←←→←← 0 1 955
←←→←← 0 1 556
→→←→→ 0 2 1010
→→→→→ 1 1 1457
←←←←← 1 1 472
←←→←← 0 1 527
←←←←← 1 1 1014
←←←←← 1 1 487
←←←←← 1 1 472
←←←←← 1 1 460
→→←→→ 0 1 535
→→→→→ 1 1 483
←←←←← 1 1 451
