→→←→→ 0 1 1284
←←←←← 1 1 592
←←→←← 0 1 408
→→←→→ 0 1 1034
←←←←← 1 1 428
→→→→→ 1 1 501
→→→→→ 1 1 475
←←←←← 1 1 647
→→←→→ 0 1 429
←←→←← 0 1 453
←←←←← 1 1 452
→→→→→ 1 1 673
←←→←← 0 1 681
→→→→→ 1 1 560
←←←←← 1 1 535
→→←→→ 0 1 474
→→→→→ 1 1 574
→→→→→ 1 1 613
→→→→→ 1 1 744
←←←←← 1 1 565
←←→←← 0 1 655
→→→→→ 1 1 635
←←→←← 0 1 614
←←→←← 0 1 767
→→←→→ 0 1 766
→→→→→ 1 1 851
→→←→→ 0 1 668
→→→→→ 1 1 597
→→←→→ 0 1 463
←←←←← 1 1 657
→→→→→ 1 1 596
→→←→→ 0 1 813
→→→→→ 1 1 668
→→←→→ 0 1 596
→→→→→ 1 1 482
→→←→→ 0 1 524
→→←→→ 0 1 519
→→→→→ 1 1 554
←←←←← 1 1 476
→→→→→ 1 1 572
←←→←← 0 1 502
←←←←← 1 1 503
→→←→→ 0 1 479
←←→←← 0 1 526
←←→←← 0 1 431
→→←→→ 0 1 488
←←→←← 0 1 432
←←←←← 1 1 415
←←←←← 1 1 445
←←←←← 1 1 440
→→→→→ 1 1 566
→→→→→ 1 1 632
←←→←← 0 1 600
←←→←← 0 1 613
→→→→→ 1 1 603
→→←→→ 0 1 456
→→←→→ 0 1 545
←←→←← 0 1 671
→→→→→ 1 1 474
←←→←← 0 1 621
←←→←← 0 1 528
←←→←← 0 1 560
←←→←← 0 1 431
→→←→→ 0 1 625
→→←→→ 0 1 530
→→←→→ 0 1 618
←←←←← 1 1 612
←←→←← 0 1 573
→→←→→ 0 1 530
←←←←← 1 1 470
←←←←← 1 1 459
←←←←← 1 1 576
←←←←← 1 1 449
←←←←← 1 1 496
←←→←← 0 1 716
→→→→→ 1 1 631
←←←←← 1 1 592
→→→→→ 1 1 614
←←→←← 0 1 600
→→→→→ 1 1 547
→→←→→ 0 1 570
→→→→→ 1 1 728
←←→←← 0 1 486
←←←←← 1 1 528
→→→→→ 1 1 776
←←→←← 0 1 570
←←←←← 1 1 898
→→←→→ 0 1 593
→→←→→ 0 1 438
→→←→→ 0 1 646
←←←←← 1 1 612
←←←←← 1 1 731
←←→←← 0 1 1137
←←→←← 0 1 633
→→←→→ 0 1 671
←←←←← 1 1 554
→→→→→ 1 1 646
←←→←← 0 1 650
→→←→→ 0 1 748
←←←←← 1 1 613
