→→→→→ 1 1 913
←←←←← 1 1 441
←←→←← 0 1 542
←←←←← 1 1 469
→→→→→ 1 1 409
→→→→→ 1 1 434
←←←←← 1 1 415
←←→←← 0 1 405
←←←←← 1 1 408
→→→→→ 1 1 345
→→←→→ 0 1 396
←←→←← 0 1 356
→→←→→ 0 1 402
→→←→→ 0 1 432
→→→→→ 1 1 390
→→←→→ 0 1 499
←←→←← 0 1 456
←←←←← 1 1 389
←←←←← 1 1 432
→→→→→ 1 1 383
→→←→→ 0 1 394
→→→→→ 1 1 388
→→→→→ 1 1 483
→→←→→ 0 1 391
→→←→→ 0 1 431
←←←←← 1 1 512
→→←→→ 0 1 456
→→←→→ 0 1 521
←←←←← 1 1 399
←←←←← 1 1 382
←←→←← 0 1 427
→→→→→ 1 1 407
←←→←← 0 1 441
→→→→→ 1 1 395
→→→→→ 1 1 378
→→←→→ 0 1 435
←←→←← 0 1 400
→→→→→ 1 1 417
→→←→→ 0 1 402
←←→←← 0 1 340
→→→→→ 1 1 381
←←→←← 0 1 403
←←→←← 0 1 341
→→←→→ 0 1 415
→→←→→ 0 1 450
→→←→→ 0 1 407
→→→→→ 1 1 382
←←←←← 1 1 415
→→←→→ 0 1 431
←←←←← 1 1 394
←←→←← 0 1 450
→→←→→ 0 1 412
←←←←← 1 1 387
←←←←← 1 1 347
←←→←← 0 1 444
←←←←← 1 1 354
←←→←← 0 1 372
→→→→→ 1 1 464
→→→→→ 1 1 338
←←←←← 1 1 380
←←←←← 1 1 365
←←→←← 0 1 377
→→←→→ 0 1 358
→→→→→ 1 1 353
→→←→→ 0 1 356
←←→←← 0 1 289
←←←←← 1 1 399
←←→←← 0 1 353
→→→→→ 1 1 432
→→→→→ 1 1 325
→→←→→ 0 1 398
←←→←← 0 1 412
←←←←← 1 1 376
←←→←← 0 1 391
←←→←← 0 1 393
←←→←← 0 1 393
→→←→→ 0 1 412
→→←→→ 0 1 453
→→←→→ 0 1 503
→→→→→ 1 1 384
→→→→→ 1 1 413
←←→←← 0 1 495
→→←→→ 0 1 571
←←→←← 0 1 511
←←←←← 1 1 444
←←→←← 0 1 374
←←→←← 0 1 544
←←→←← 0 1 579
→→←→→ 0 1 478
→→→→→ 1 1 465
←←←←← 1 1 401
→→→→→ 1 1 391
←←←←← 1 1 482
→→→→→ 1 1 405
→→→→→ 1 1 417
←←←←← 1 1 386
→→←→→ 0 1 420
←←←←← 1 1 405
←←←←← 1 1 388
←←←←← 1 1 403
