→→→→→ 1 1 1590
←←→←← 0 1 1221
→→→→→ 1 1 1144
→→→→→ 1 1 1025
←←←←← 1 1 730
←←→←← 0 1 1117
→→→→→ 1 1 1126
→→→→→ 1 1 1062
→→←→→ 0 1 799
→→→→→ 1 1 724
←←→←← 0 1 956
→→→→→ 1 1 953
←←←←← 1 1 704
→→→→→ 1 1 790
←←←←← 1 1 931
←←←←← 1 1 672
←←→←← 0 1 681
←←→←← 0 1 776
→→→→→ 1 1 737
→→→→→ 1 1 816
←←←←← 1 1 661
←←→←← 0 1 623
←←→←← 0 1 719
→→→→→ 1 1 644
←←→←← 0 1 670
→→→→→ 1 1 547
→→←→→ 0 1 622
←←→←← 0 1 612
→→←→→ 0 1 670
←←←←← 1 1 677
→→←→→ 0 1 834
→→→→→ 1 1 693
←←←←← 1 1 846
→→→→→ 1 1 637
→→→→→ 1 1 807
→→←→→ 0 1 520
→→→→→ 1 1 582
→→→→→ 1 1 749
←←←←← 1 1 545
→→→→→ 1 1 592
←←→←← 0 1 675
→→←→→ 0 1 544
→→→→→ 1 1 613
←←→←← 0 1 1011
←←←←← 1 1 520
→→→→→ 1 1 537
→→←→→ 0 1 594
←←→←← 0 1 562
←←←←← 1 1 455
←←←←← 1 1 586
→→←→→ 0 1 582
→→→→→ 1 1 766
←←←←← 1 1 691
→→←→→ 0 1 1127
←←→←← 0 1 855
←←→←← 0 1 654
←←←←← 1 1 590
←←←←← 1 1 592
←←←←← 1 1 653
→→←→→ 0 1 618
←←←←← 1 1 557
←←→←← 0 1 573
←←→←← 0 1 494
←←→←← 0 1 529
←←←←← 1 1 542
←←←←← 1 1 551
←←←←← 1 1 561
→→→→→ 1 1 580
→→←→→ 0 1 561
→→←→→ 0 1 583
←←←←← 1 1 642
→→←→→ 0 1 616
←←→←← 0 1 549
→→←→→ 0 1 521
←←←←← 1 1 615
→→←→→ 0 1 650
←←←←← 1 1 586
←←→←← 0 1 556
←←←←← 1 1 504
←←←←← 1 1 639
→→←→→ 0 1 732
→→←→→ 0 1 766
→→←→→ 0 1 686
→→←→→ 0 1 769
←←←←← 1 1 975
→→←→→ 0 1 585
→→→→→ 1 1 581
←←→←← 0 1 687
→→←→→ 0 1 584
→→←→→ 0 1 600
←←→←← 0 1 560
→→→→→ 1 1 693
←←→←← 0 1 689
←←→←← 0 1 694
←←→←← 0 1 675
→→←→→ 0 1 548
→→←→→ 0 1 546
→→←→→ 0 1 765
→→→→→ 1 1 667
←←→←← 0 1 720
