←←←←← 1 1 1811
→→→→→ 1 1 470
→→←→→ 0 1 442
←←→←← 0 1 517
→→←→→ 0 1 673
→→←→→ 0 1 393
←←→←← 0 1 493
←←←←← 1 1 525
→→→→→ 1 1 387
→→→→→ 1 1 378
←←→←← 0 1 438
→→←→→ 0 1 431
←←→←← 0 1 458
→→→→→ 1 1 656
→→→→→ 1 1 503
←←→←← 0 1 511
→→→→→ 1 1 520
←←→←← 0 1 382
←←←←← 1 1 385
→→→→→ 1 1 373
←←→←← 0 1 810
←←→←← 0 1 385
→→←→→ 0 1 419
←←→←← 0 1 586
←←→←← 0 1 399
←←←←← 1 1 410
→→←→→ 0 1 386
←←←←← 1 1 389
→→→→→ 1 1 383
←←←←← 1 1 336
→→→→→ 1 1 309
→→→→→ 1 1 374
←←←←← 1 1 344
←←←←← 1 1 331
←←→←← 0 1 386
→→←→→ 0 1 367
→→←→→ 0 1 399
→→←→→ 0 1 337
→→→→→ 1 1 334
→→→→→ 1 1 385
←←←←← 1 1 328
←←←←← 1 1 372
→→←→→ 0 1 435
→→→→→ 1 1 369
→→→→→ 1 1 328
←←←←← 1 1 349
→→←→→ 0 1 420
←←→←← 0 1 414
→→→→→ 1 1 355
←←→←← 0 2 335
→→→→→ 1 1 571
→→←→→ 0 1 351
→→→→→ 1 1 336
→→←→→ 0 1 337
←←→←← 0 1 358
→→←→→ 0 1 362
→→→→→ 1 1 426
←←←←← 1 1 349
←←←←← 1 1 353
→→←→→ 0 1 322
←←→←← 0 1 365
←←→←← 0 1 398
→→→→→ 1 1 355
→→←→→ 0 1 337
←←←←← 1 1 306
→→←→→ 0 1 328
→→←→→ 0 1 333
→→→→→ 1 1 361
←←←←← 1 1 362
→→←→→ 0 1 378
←←←←← 1 1 364
→→←→→ 0 1 357
←←→←← 0 1 405
←←←←← 1 1 349
←←←←← 1 1 340
→→←→→ 0 1 359
→→←→→ 0 1 415
←←←←← 1 1 326
←←→←← 0 1 459
←←←←← 1 1 338
←←→←← 0 1 397
→→→→→ 1 1 335
←←←←← 1 1 319
←←←←← 1 1 375
→→←→→ 0 1 368
←←←←← 1 1 352
→→→→→ 1 1 485
←←→←← 0 1 393
→→→→→ 1 1 320
←←→←← 0 1 398
←←←←← 1 1 364
←←←←← 1 1 322
→→←→→ 0 1 393
←←→←← 0 1 461
→→→→→ 1 1 333
→→→→→ 1 1 327
→→←→→ 0 1 383
←←→←← 0 1 599
←←→←← 0 1 370
←←→←← 0 1 400
