←←→←← 0 1 991
→→←→→ 0 1 478
→→←→→ 0 1 416
←←→←← 0 1 379
←←←←← 1 1 353
→→←→→ 0 1 418
→→→→→ 1 1 395
←←→←← 0 1 425
←←←←← 1 1 392
→→←→→ 0 1 424
→→→→→ 1 1 416
←←→←← 0 1 485
←←←←← 1 1 369
←←→←← 0 1 393
←←←←← 1 1 319
→→→→→ 1 1 359
←←→←← 0 1 505
←←→←← 0 1 448
←←→←← 0 1 429
→→→→→ 1 1 346
←←←←← 1 1 362
→→→→→ 1 1 394
←←→←← 0 1 380
→→←→→ 0 1 375
←←→←← 0 1 408
→→←→→ 0 1 336
←←→←← 0 1 364
←←←←← 1 1 362
←←←←← 1 1 374
→→→→→ 1 1 368
←←←←← 1 1 352
→→←→→ 0 1 420
←←←←← 1 1 382
←←←←← 1 1 373
←←←←← 1 1 397
→→→→→ 1 1 401
→→→→→ 1 1 395
→→→→→ 1 1 404
→→←→→ 0 1 388
←←←←← 1 1 359
→→→→→ 1 1 398
→→←→→ 0 1 411
→→←→→ 0 1 420
→→←→→ 0 1 391
←←→←← 0 1 352
→→→→→ 1 1 391
→→←→→ 0 1 358
→→←→→ 0 1 315
←←→←← 0 1 377
→→→→→ 1 1 318
→→←→→ 0 1 368
←←→←← 0 1 379
→→→→→ 1 1 408
←←→←← 0 1 415
→→←→→ 0 1 379
→→→→→ 1 1 385
←←←←← 1 1 344
→→→→→ 1 1 362
←←→←← 0 1 364
←←←←← 1 1 360
←←←←← 1 1 365
←←→←← 0 1 402
→→←→→ 0 1 370
←←→←← 0 1 362
←←→←← 0 1 349
→→→→→ 1 1 360
→→→→→ 1 1 365
←←→←← 0 1 393
→→→→→ 1 1 361
→→→→→ 1 1 338
←←←←← 1 1 359
→→←→→ 0 2 367
←←←←← 1 1 445
←←←←← 1 1 353
→→→→→ 1 1 379
←←←←← 1 1 380
←←→←← 0 1 417
←←←←← 1 1 408
→→←→→ 0 1 411
←←←←← 1 1 380
←←←←← 1 1 353
→→←→→ 0 1 420
←←←←← 1 1 341
→→←→→ 0 1 362
←←→←← 0 1 417
←←←←← 1 1 366
←←→←← 0 1 380
←←→←← 0 1 371
→→←→→ 0 1 382
→→←→→ 0 1 359
→→→→→ 1 1 393
→→←→→ 0 1 361
←←←←← 1 1 352
→→←→→ 0 1 410
→→→→→ 1 1 383
←←→←← 0 1 441
→→→→→ 1 1 349
→→→→→ 1 1 381
→→→→→ 1 1 352
→→←→→ 0 1 361
