←←←←← 1 3 2000
→→←→→ 0 1 889
→→←→→ 0 1 517
←←→←← 0 1 616
←←←←← 1 1 575
→→←→→ 0 1 477
→→→→→ 1 1 444
←←←←← 1 1 512
→→→→→ 1 1 447
→→←→→ 0 1 390
→→→→→ 1 1 458
→→←→→ 0 1 521
→→→→→ 1 1 504
→→→→→ 1 1 441
←←→←← 0 1 477
←←←←← 1 1 462
→→→→→ 1 1 405
→→→→→ 1 1 412
→→→→→ 1 1 468
←←→←← 0 1 477
←←→←← 0 1 444
→→←→→ 0 1 531
→→→→→ 1 1 522
→→→→→ 1 1 448
←←←←← 1 1 502
→→←→→ 0 1 546
←←←←← 1 1 425
←←→←← 0 1 593
→→→→→ 1 1 578
←←→←← 0 1 585
←←→←← 0 1 451
→→→→→ 1 1 415
→→←→→ 0 1 601
←←→←← 0 1 422
→→←→→ 0 1 478
←←→←← 0 1 520
→→←→→ 0 1 440
←←→←← 0 1 479
←←→←← 0 2 354
←←←←← 1 1 539
←←→←← 0 1 437
→→←→→ 0 1 585
←←→←← 0 1 478
←←←←← 1 1 469
→→←→→ 0 1 471
→→→→→ 1 1 464
→→←→→ 0 1 646
→→→→→ 1 1 435
←←←←← 1 1 433
→→←→→ 0 1 502
←←→←← 0 1 496
→→←→→ 0 1 457
→→←→→ 0 1 443
→→←→→ 0 1 457
←←←←← 1 1 394
→→→→→ 1 1 723
→→←→→ 0 1 441
→→←→→ 0 1 436
→→←→→ 0 1 463
←←←←← 1 1 385
→→→→→ 1 1 499
←←→←← 0 1 481
←←←←← 1 1 389
←←→←← 0 1 482
←←→←← 0 1 527
←←←←← 1 1 428
→→←→→ 0 1 464
←←←←← 1 1 362
←←←←← 1 1 401
←←←←← 1 1 337
→→→→→ 1 1 657
←←→←← 0 1 538
→→→→→ 1 1 392
→→←→→ 0 1 477
→→→→→ 1 1 447
→→→→→ 1 1 442
←←←←← 1 1 538
←←→←← 0 1 503
←←→←← 0 1 494
←←←←← 1 1 472
←←←←← 1 1 588
→→←→→ 0 1 491
→→→→→ 1 1 473
←←←←← 1 1 497
→→→→→ 1 1 466
←←←←← 1 1 392
→→←→→ 0 1 438
←←→←← 0 1 517
→→→→→ 1 1 463
←←→←← 0 1 455
→→→→→ 1 1 382
←←←←← 1 1 475
←←←←← 1 1 402
←←→←← 0 1 509
←←←←← 1 1 589
←←←←← 1 1 425
←←→←← 0 1 430
→→→→→ 1 1 410
←←→←← 0 1 471
→→←→→ 0 1 453
