←←→←← 0 1 1378
←←←←← 1 1 531
←←→←← 0 1 584
→→→→→ 1 1 617
→→←→→ 0 1 789
→→←→→ 0 1 595
←←←←← 1 1 467
←←→←← 0 1 510
→→→→→ 1 1 499
←←←←← 1 1 444
→→←→→ 0 1 601
←←←←← 1 1 434
→→←→→ 0 1 498
→→→→→ 1 1 476
→→→→→ 1 1 412
←←→←← 0 1 515
←←→←← 0 1 399
→→→→→ 1 1 378
←←→←← 0 1 329
←←→←← 0 1 309
←←→←← 0 1 338
→→←→→ 0 1 473
←←←←← 1 1 480
←←→←← 0 1 474
←←→←← 0 1 402
→→←→→ 0 1 612
→→←→→ 0 1 813
→→→→→ 1 1 442
→→←→→ 0 1 421
←←→←← 0 1 439
→→→→→ 1 1 389
→→←→→ 0 1 417
→→←→→ 0 1 428
←←→←← 0 1 429
←←←←← 1 1 390
→→←→→ 0 1 386
←←→←← 0 1 476
→→→→→ 1 1 529
→→←→→ 0 1 503
←←←←← 1 1 440
←←←←← 1 1 536
←←→←← 0 1 546
→→→→→ 1 2 488
←←←←← 1 1 477
→→→→→ 1 1 423
←←→←← 0 1 373
→→←→→ 0 1 573
←←←←← 1 1 424
→→←→→ 0 1 627
→→→→→ 1 1 470
→→←→→ 0 1 555
→→→→→ 1 1 465
←←→←← 0 1 468
←←→←← 0 2 890
←←←←← 1 1 626
←←←←← 1 1 693
→→→→→ 1 1 526
→→→→→ 1 1 687
←←←←← 1 1 439
→→←→→ 0 1 484
→→→→→ 1 1 613
←←←←← 1 1 850
←←←←← 1 1 649
→→←→→ 0 1 479
→→←→→ 0 1 501
→→→→→ 1 1 641
→→→→→ 1 1 505
←←←←← 1 1 494
→→←→→ 0 1 473
←←←←← 1 1 398
←←→←← 0 1 426
←←←←← 1 1 415
→→←→→ 0 1 413
←←←←← 1 1 371
→→→→→ 1 1 444
←←←←← 1 1 382
→→→→→ 1 1 437
→→→→→ 1 1 420
←←←←← 1 1 408
→→→→→ 1 1 406
←←←←← 1 1 439
←←→←← 0 1 455
→→←→→ 0 1 564
←←→←← 0 1 566
→→←→→ 0 1 766
→→→→→ 1 1 495
←←→←← 0 1 689
←←→←← 0 1 426
←←→←← 0 1 375
→→→→→ 1 1 354
→→←→→ 0 1 456
←←←←← 1 1 472
←←←←← 1 1 485
←←←←← 1 1 513
←←→←← 0 1 665
→→←→→ 0 1 454
←←→←← 0 1 501
→→←→→ 0 1 564
→→→→→ 1 1 547
→→→→→ 1 1 512
