←←←←← 1 1 1068
→→→→→ 1 1 701
←←→←← 0 1 723
→→←→→ 0 1 502
→→→→→ 1 1 535
→→←→→ 0 1 466
→→←→→ 0 1 479
→→←→→ 0 1 460
←←→←← 0 1 454
→→←→→ 0 1 418
→→→→→ 1 1 427
←←→←← 0 1 532
→→←→→ 0 1 443
→→←→→ 0 1 557
←←→←← 0 1 411
←←←←← 1 1 475
→→←→→ 0 1 461
→→→→→ 1 1 449
←←←←← 1 1 395
←←→←← 0 1 439
→→→→→ 1 1 448
←←←←← 1 1 410
←←→←← 0 1 418
←←→←← 0 1 473
←←←←← 1 1 411
←←→←← 0 1 435
→→→→→ 1 2 365
←←→←← 0 1 509
→→→→→ 1 1 410
←←→←← 0 1 482
→→→→→ 1 1 425
→→←→→ 0 1 467
←←←←← 1 1 487
→→→→→ 1 1 416
→→→→→ 1 1 468
→→→→→ 1 1 547
→→←→→ 0 1 460
→→→→→ 1 1 474
←←→←← 0 1 530
→→→→→ 1 1 614
←←←←← 1 1 508
←←←←← 1 1 556
→→→→→ 1 1 423
→→←→→ 0 1 446
→→←→→ 0 1 478
←←←←← 1 1 442
←←→←← 0 1 437
←←→←← 0 1 530
→→←→→ 0 1 389
→→←→→ 0 1 429
→→←→→ 0 1 483
←←→←← 0 1 474
←←←←← 1 1 423
←←←←← 1 1 414
←←←←← 1 1 417
→→→→→ 1 1 502
←←→←← 0 1 491
→→→→→ 1 1 494
←←←←← 1 1 418
→→→→→ 1 1 416
←←→←← 0 1 480
→→→→→ 1 1 608
←←←←← 1 1 412
←←←←← 1 1 479
←←→←← 0 1 425
←←←←← 1 1 382
→→←→→ 0 1 484
→→→→→ 1 1 644
←←→←← 0 1 499
←←→←← 0 1 473
←←←←← 1 1 371
→→←→→ 0 1 473
←←→←← 0 1 398
←←←←← 1 1 406
←←←←← 1 1 400
→→←→→ 0 2 423
→→→→→ 1 1 460
←←→←← 0 1 467
←←←←← 1 1 468
←←←←← 1 1 396
→→→→→ 1 1 447
→→←→→ 0 1 377
→→→→→ 1 1 354
→→→→→ 1 1 429
→→←→→ 0 1 351
←←→←← 0 1 353
←←←←← 1 1 374
→→←→→ 0 1 450
←←→←← 0 1 409
←←←←← 1 1 332
←←←←← 1 1 628
→→←→→ 0 1 378
→→→→→ 1 1 417
←←←←← 1 1 372
→→←→→ 0 1 395
←←→←← 0 1 444
←←→←← 0 1 419
→→←→→ 0 1 364
→→→→→ 1 1 446
→→←→→ 0 1 327
