←←←←← 1 3 2000
←←←←← 1 1 470
←←→←← 0 2 1135
←←→←← 0 1 597
→→→→→ 1 1 531
←←←←← 1 1 441
←←→←← 0 1 493
→→←→→ 0 1 424
←←←←← 1 1 417
←←→←← 0 1 385
→→→→→ 1 1 410
←←←←← 1 1 414
→→←→→ 0 1 403
→→←→→ 0 1 390
→→←→→ 0 1 473
→→→→→ 1 1 428
→→←→→ 0 1 414
←←→←← 0 1 417
←←←←← 1 1 436
→→←→→ 0 1 430
←←←←← 1 1 389
→→→→→ 1 1 442
←←→←← 0 1 428
←←←←← 1 1 415
→→←→→ 0 1 420
←←→←← 0 1 422
→→←→→ 0 1 409
←←←←← 1 1 377
←←←←← 1 1 428
→→←→→ 0 1 366
←←→←← 0 1 433
←←←←← 1 1 421
←←→←← 0 1 424
→→→→→ 1 1 426
→→→→→ 1 1 401
→→→→→ 1 1 473
→→←→→ 0 1 442
→→←→→ 0 1 574
←←→←← 0 1 402
←←←←← 1 1 389
←←→←← 0 1 427
←←←←← 1 1 367
→→→→→ 1 1 418
←←←←← 1 1 424
→→←→→ 0 1 473
→→→→→ 1 1 426
→→→→→ 1 1 411
→→→→→ 1 1 367
→→→→→ 1 1 512
→→→→→ 1 1 404
←←←←← 1 1 425
→→←→→ 0 1 431
←←→←← 0 1 415
←←←←← 1 1 389
→→→→→ 1 1 425
→→←→→ 0 1 412
←←→←← 0 1 446
←←←←← 1 1 387
→→←→→ 0 1 470
→→→→→ 1 1 394
←←←←← 1 1 417
→→←→→ 0 1 371
→→→→→ 1 1 429
→→←→→ 0 1 350
←←←←← 1 1 402
→→←→→ 0 1 390
←←←←← 1 1 438
←←→←← 0 1 460
←←→←← 0 1 430
→→←→→ 0 1 387
←←→←← 0 1 421
←←→←← 0 1 458
←←←←← 1 1 415
→→→→→ 1 1 400
→→→→→ 1 1 402
←←→←← 0 1 452
←←→←← 0 2 359
→→←→→ 0 1 550
→→←→→ 0 1 481
←←→←← 0 1 467
→→←→→ 0 1 458
→→→→→ 1 1 441
←←→←← 0 1 415
←←→←← 0 1 416
→→→→→ 1 1 451
→→←→→ 0 1 391
→→←→→ 0 1 396
←←←←← 1 1 383
←←→←← 0 1 462
→→→→→ 1 1 382
→→→→→ 1 1 406
←←→←← 0 1 439
→→←→→ 0 1 440
←←→←← 0 1 572
←←←←← 1 1 450
→→→→→ 1 1 469
←←←←← 1 1 410
→→→→→ 1 1 429
→→→→→ 1 1 431
←←←←← 1 1 384
