→→→→→ 1 2 1340
←←←←← 1 1 883
←←←←← 1 1 644
←←←←← 1 1 692
←←→←← 0 1 625
→→←→→ 0 1 608
→→→→→ 1 1 619
←←←←← 1 1 681
→→→→→ 1 1 648
→→→→→ 1 1 724
→→←→→ 0 1 636
←←→←← 0 1 660
←←→←← 0 1 592
←←←←← 1 1 562
←←←←← 1 1 543
→→→→→ 1 1 529
←←←←← 1 1 586
→→←→→ 0 1 559
→→←→→ 0 1 559
←←→←← 0 1 485
←←→←← 0 1 529
←←→←← 0 1 525
→→→→→ 1 1 506
→→→→→ 1 1 521
←←→←← 0 1 530
→→←→→ 0 1 490
←←→←← 0 1 489
←←←←← 1 1 509
←←→←← 0 1 547
←←←←← 1 1 549
→→→→→ 1 1 531
→→←→→ 0 1 553
→→←→→ 0 1 490
→→←→→ 0 1 496
→→→→→ 1 1 632
→→→→→ 1 1 473
←←→←← 0 1 497
→→→→→ 1 1 497
→→→→→ 1 1 469
→→→→→ 1 1 427
→→←→→ 0 1 444
→→→→→ 1 1 464
←←←←← 1 1 487
→→→→→ 1 1 512
→→←→→ 0 1 452
←←←←← 1 1 496
→→→→→ 1 1 472
→→→→→ 1 1 545
→→←→→ 0 1 454
←←→←← 0 1 495
←←→←← 0 1 551
←←←←← 1 1 495
←←→←← 0 1 570
←←→←← 0 1 482
←←←←← 1 1 507
→→←→→ 0 1 821
←←←←← 1 1 456
→→→→→ 1 1 687
←←←←← 1 1 498
←←→←← 0 1 549
←←→←← 0 1 472
→→→→→ 1 1 456
←←→←← 0 1 439
→→→→→ 1 1 453
←←←←← 1 1 452
→→←→→ 0 1 482
→→←→→ 0 1 461
←←←←← 1 1 462
→→←→→ 0 1 559
←←←←← 1 1 472
←←←←← 1 1 460
←←→←← 0 1 480
→→→→→ 1 1 461
→→←→→ 0 1 437
→→→→→ 1 1 438
→→←→→ 0 1 424
→→→→→ 1 1 463
→→→→→ 1 1 459
←←→←← 0 1 521
←←→←← 0 1 488
←←←←← 1 1 410
←←←←← 1 1 416
→→←→→ 0 1 531
←←→←← 0 1 511
←←←←← 1 1 451
→→←→→ 0 1 451
←←←←← 1 1 473
→→←→→ 0 1 443
←←→←← 0 1 463
→→←→→ 0 1 458
→→←→→ 0 1 495
→→→→→ 1 1 484
←←←←← 1 1 717
→→←→→ 0 1 480
←←→←← 0 1 484
←←←←← 1 1 461
→→←→→ 0 1 491
←←→←← 0 1 419
←←→←← 0 1 466
→→←→→ 0 1 486
