←←←←← 1 3 2000
→→←→→ 0 1 1175
→→←→→ 0 1 722
←←→←← 0 3 2000
←←←←← 1 1 655
→→←→→ 0 1 599
←←←←← 1 1 511
→→←→→ 0 1 447
←←←←← 1 1 567
←←→←← 0 1 582
→→←→→ 0 1 892
→→←→→ 0 1 634
→→←→→ 0 1 745
←←→←← 0 1 1467
→→←→→ 0 1 1327
←←←←← 1 1 1665
←←←←← 1 1 529
→→→→→ 1 1 549
←←←←← 1 1 600
←←→←← 0 1 552
←←←←← 1 1 533
→→→→→ 1 1 693
←←→←← 0 1 480
←←←←← 1 1 452
→→→→→ 1 1 416
←←←←← 1 1 458
←←→←← 0 1 444
→→→→→ 1 1 452
→→→→→ 1 1 538
→→→→→ 1 1 401
←←←←← 1 1 486
←←←←← 1 1 470
←←←←← 1 1 482
←←→←← 0 1 467
→→←→→ 0 1 601
→→←→→ 0 1 534
→→→→→ 1 1 449
→→→→→ 1 1 697
←←→←← 0 1 425
←←→←← 0 1 372
→→←→→ 0 1 589
→→←→→ 0 1 607
←←←←← 1 1 490
→→→→→ 1 1 621
→→←→→ 0 1 528
←←→←← 0 1 508
←←→←← 0 1 390
→→←→→ 0 1 456
→→←→→ 0 1 487
→→→→→ 1 1 403
←←→←← 0 1 461
←←→←← 0 1 472
→→←→→ 0 1 566
←←→←← 0 1 621
←←←←← 1 1 871
→→←→→ 0 1 875
→→→→→ 1 1 520
→→→→→ 1 1 755
→→←→→ 0 1 889
→→→→→ 1 1 1820
→→→→→ 1 1 476
←←→←← 0 1 597
→→←→→ 0 1 675
←←←←← 1 1 504
→→←→→ 0 1 765
→→→→→ 1 1 483
←←←←← 1 1 468
→→→→→ 1 1 557
←←←←← 1 1 496
→→←→→ 0 1 397
←←←←← 1 1 379
→→→→→ 1 1 399
←←←←← 1 1 680
←←←←← 1 1 505
→→→→→ 1 1 388
→→←→→ 0 1 466
←←→←← 0 1 444
→→→→→ 1 1 371
→→→→→ 1 1 360
→→→→→ 1 1 428
←←←←← 1 1 581
→→→→→ 1 1 492
←←→←← 0 1 1282
←←→←← 0 1 721
→→←→→ 0 1 591
←←→←← 0 1 732
←←→←← 0 1 433
→→→→→ 1 1 998
←←→←← 0 1 1320
→→←→→ 0 1 1220
←←←←← 1 1 1385
→→→→→ 1 1 408
←←→←← 0 1 530
→→→→→ 1 3 2000
←←→←← 0 1 577
←←←←← 1 1 481
←←←←← 1 1 446
→→←→→ 0 2 390
←←→←← 0 1 482
←←→←← 0 1 375
