←←←←← 1 1 1014
→→→→→ 1 1 473
←←→←← 0 1 642
→→←→→ 0 1 492
→→←→→ 0 1 416
←←←←← 1 1 389
←←→←← 0 1 534
←←→←← 0 1 414
→→→→→ 1 1 443
←←←←← 1 1 479
←←→←← 0 1 474
→→→→→ 1 1 436
←←→←← 0 1 470
→→→→→ 1 1 490
←←→←← 0 1 445
→→→→→ 1 1 445
→→→→→ 1 1 501
←←→←← 0 1 479
→→←→→ 0 1 496
→→←→→ 0 1 459
→→→→→ 1 1 455
→→→→→ 1 1 499
←←→←← 0 1 448
←←←←← 1 1 409
→→→→→ 1 1 519
←←←←← 1 1 414
→→→→→ 1 1 451
←←→←← 0 1 431
←←→←← 0 1 439
→→←→→ 0 1 447
→→→→→ 1 1 465
←←←←← 1 1 423
→→→→→ 1 1 432
←←→←← 0 1 406
←←←←← 1 1 428
→→→→→ 1 1 381
←←→←← 0 1 459
←←←←← 1 1 423
→→←→→ 0 1 468
→→→→→ 1 1 453
→→←→→ 0 1 455
→→→→→ 1 1 432
→→←→→ 0 1 403
←←→←← 0 1 457
→→←→→ 0 1 419
←←←←← 1 1 462
→→→→→ 1 1 482
←←←←← 1 1 438
→→←→→ 0 1 447
→→←→→ 0 1 437
←←←←← 1 1 357
←←←←← 1 1 364
←←→←← 0 1 476
→→→→→ 1 1 443
→→←→→ 0 1 418
→→←→→ 0 1 396
→→←→→ 0 1 405
←←←←← 1 1 335
→→←→→ 0 1 379
→→←→→ 0 1 409
→→→→→ 1 1 494
←←→←← 0 1 414
→→←→→ 0 1 461
←←→←← 0 1 409
←←←←← 1 1 326
←←→←← 0 1 434
←←→←← 0 1 484
←←→←← 0 1 400
←←←←← 1 1 431
←←→←← 0 1 517
←←→←← 0 1 908
→→→→→ 1 1 369
←←←←← 1 1 431
→→→→→ 1 1 423
←←←←← 1 1 410
←←←←← 1 2 340
←←←←← 1 1 495
←←→←← 0 1 523
←←←←← 1 1 415
→→←→→ 0 1 361
←←←←← 1 1 390
←←→←← 0 2 346
←←←←← 1 1 496
→→←→→ 0 1 419
←←←←← 1 1 351
→→←→→ 0 1 270
→→←→→ 0 1 406
→→→→→ 1 1 443
←←→←← 0 1 459
→→←→→ 0 1 486
→→→→→ 1 1 501
→→←→→ 0 1 490
→→→→→ 1 1 476
→→←→→ 0 1 483
←←→←← 0 1 469
←←←←← 1 1 413
→→→→→ 1 1 462
←←←←← 1 1 452
→→→→→ 1 1 461
→→←→→ 0 1 528
