→→→→→ 1 1 1778
←←←←← 1 1 1114
←←→←← 0 3 2000
←←←←← 1 1 1234
→→←→→ 0 2 1076
→→←→→ 0 1 922
←←→←← 0 1 975
←←←←← 1 1 700
←←→←← 0 1 723
→→←→→ 0 1 663
←←→←← 0 1 385
→→→→→ 1 1 565
→→→→→ 1 1 474
→→←→→ 0 1 464
←←→←← 0 1 541
→→→→→ 1 1 739
←←→←← 0 1 533
←←→←← 0 1 596
←←←←← 1 1 569
←←←←← 1 1 818
→→←→→ 0 1 618
←←→←← 0 1 519
→→←→→ 0 1 630
←←→←← 0 1 650
→→←→→ 0 1 579
→→←→→ 0 1 674
→→→→→ 1 1 551
←←→←← 0 1 991
→→→→→ 1 1 482
→→←→→ 0 1 499
←←←←← 1 1 553
→→→→→ 1 1 548
→→→→→ 1 1 922
←←→←← 0 1 515
→→→→→ 1 1 637
←←←←← 1 1 508
→→←→→ 0 1 536
←←→←← 0 1 503
→→→→→ 1 1 575
→→→→→ 1 1 496
←←←←← 1 1 501
→→←→→ 0 1 533
→→→→→ 1 1 506
→→←→→ 0 1 476
←←→←← 0 1 441
→→→→→ 1 1 458
→→→→→ 1 1 507
←←→←← 0 1 532
→→←→→ 0 1 462
→→→→→ 1 1 380
←←←←← 1 1 424
→→→→→ 1 1 512
←←←←← 1 1 498
→→→→→ 1 1 459
→→←→→ 0 1 464
→→→→→ 1 1 431
→→→→→ 1 1 585
→→→→→ 1 1 417
←←→←← 0 1 487
→→←→→ 0 1 462
←←←←← 1 1 465
→→←→→ 0 1 392
←←←←← 1 1 389
←←←←← 1 1 430
←←←←← 1 1 446
→→→→→ 1 1 521
→→→→→ 1 1 418
←←→←← 0 1 323
←←→←← 0 1 375
←←→←← 0 1 364
→→→→→ 1 1 383
←←←←← 1 1 530
←←←←← 1 1 470
←←←←← 1 1 460
←←→←← 0 1 545
←←←←← 1 1 448
←←→←← 0 1 384
→→←→→ 0 1 516
←←→←← 0 1 463
→→←→→ 0 1 408
←←←←← 1 1 511
→→←→→ 0 1 553
→→←→→ 0 1 326
←←→←← 0 1 465
→→→→→ 1 1 432
←←→←← 0 1 709
←←←←← 1 1 433
→→←→→ 0 1 464
→→←→→ 0 1 470
←←←←← 1 1 344
←←←←← 1 1 356
→→←→→ 0 1 528
→→←→→ 0 1 472
→→→→→ 1 1 483
←←←←← 1 1 659
→→←→→ 0 1 551
←←→←← 0 1 449
←←←←← 1 1 507
←←←←← 1 1 482
←←→←← 0 1 495
