←←←←← 1 1 1263
←←→←← 0 1 713
←←→←← 0 1 726
→→←→→ 0 1 705
←←←←← 1 1 635
→→←→→ 0 1 702
←←→←← 0 1 695
→→←→→ 0 1 741
→→←→→ 0 1 955
←←←←← 1 1 702
←←←←← 1 1 597
→→←→→ 0 1 721
→→→→→ 1 1 609
←←→←← 0 1 631
←←→←← 0 1 665
→→→→→ 1 1 595
→→→→→ 1 1 553
←←←←← 1 1 619
←←←←← 1 1 598
→→←→→ 0 1 683
←←→←← 0 1 599
←←←←← 1 1 574
→→→→→ 1 1 561
→→→→→ 1 1 572
←←→←← 0 1 594
←←←←← 1 1 589
→→→→→ 1 1 594
←←←←← 1 1 608
→→→→→ 1 1 590
→→→→→ 1 1 674
←←→←← 0 1 559
←←→←← 0 1 557
←←←←← 1 1 590
→→←→→ 0 1 567
←←→←← 0 1 609
←←←←← 1 1 531
←←→←← 0 1 510
←←←←← 1 1 508
→→←→→ 0 1 562
←←←←← 1 1 581
→→←→→ 0 1 543
→→←→→ 0 1 630
→→→→→ 1 1 581
←←→←← 0 1 625
→→←→→ 0 1 955
→→→→→ 1 1 611
→→→→→ 1 1 599
→→→→→ 1 1 529
→→←→→ 0 1 493
→→→→→ 1 1 592
→→←→→ 0 1 912
→→→→→ 1 1 497
→→→→→ 1 1 546
→→→→→ 1 1 493
←←→←← 0 1 582
→→←→→ 0 1 605
←←→←← 0 1 556
←←→←← 0 1 538
→→→→→ 1 1 662
→→→→→ 1 1 555
→→→→→ 1 1 667
→→←→→ 0 1 577
←←→←← 0 1 628
←←←←← 1 1 840
→→←→→ 0 1 581
←←←←← 1 1 654
←←←←← 1 1 754
→→←→→ 0 1 580
→→→→→ 1 1 545
←←→←← 0 1 577
→→→→→ 1 1 487
→→←→→ 0 1 809
→→←→→ 0 1 584
→→→→→ 1 1 558
→→←→→ 0 1 621
→→←→→ 0 1 846
→→←→→ 0 1 587
←←←←← 1 1 718
→→←→→ 0 1 749
←←→←← 0 1 547
→→→→→ 1 1 517
←←←←← 1 1 697
←←→←← 0 1 580
←←→←← 0 1 638
←←→←← 0 1 623
←←→←← 0 1 629
→→→→→ 1 1 559
→→←→→ 0 1 602
←←←←← 1 1 647
←←←←← 1 1 573
←←→←← 0 1 1306
←←←←← 1 1 688
←←←←← 1 1 754
←←←←← 1 1 553
←←→←← 0 1 577
←←←←← 1 1 709
→→←→→ 0 1 586
←←→←← 0 1 622
←←←←← 1 1 796
→→→→→ 1 1 642
