→→→→→ 1 1 1289
→→→→→ 1 1 572
←←←←← 1 1 545
←←←←← 1 1 500
→→←→→ 0 1 579
←←→←← 0 1 513
←←←←← 1 1 449
→→←→→ 0 1 510
←←→←← 0 1 406
→→←→→ 0 1 467
→→→→→ 1 1 420
→→←→→ 0 1 475
→→←→→ 0 1 408
←←→←← 0 1 444
→→→→→ 1 1 398
→→←→→ 0 1 627
→→←→→ 0 1 448
←←←←← 1 1 393
←←→←← 0 1 413
→→→→→ 1 1 426
←←←←← 1 1 420
→→←→→ 0 1 520
→→→→→ 1 1 465
→→←→→ 0 1 510
→→←→→ 0 1 375
→→←→→ 0 1 393
→→←→→ 0 1 389
←←←←← 1 1 442
←←→←← 0 1 544
→→→→→ 1 1 468
→→→→→ 1 1 450
→→←→→ 0 1 461
←←←←← 1 1 406
←←←←← 1 1 414
←←→←← 0 1 450
←←→←← 0 1 424
→→←→→ 0 1 373
←←→←← 0 1 434
→→→→→ 1 1 464
←←→←← 0 1 593
←←←←← 1 1 413
→→←→→ 0 1 412
→→←→→ 0 1 409
→→→→→ 1 1 419
←←→←← 0 1 385
→→→→→ 1 1 341
→→→→→ 1 1 407
→→→→→ 1 1 362
←←←←← 1 1 366
→→→→→ 1 2 386
→→→→→ 1 1 450
→→→→→ 1 1 370
←←→←← 0 1 395
←←←←← 1 1 443
→→→→→ 1 1 422
→→→→→ 1 1 352
←←←←← 1 1 415
←←→←← 0 1 381
→→←→→ 0 1 442
→→→→→ 1 1 371
→→→→→ 1 1 365
←←→←← 0 1 385
←←→←← 0 1 353
→→→→→ 1 1 380
←←←←← 1 1 416
→→→→→ 1 1 509
→→←→→ 0 1 413
←←←←← 1 1 444
→→←→→ 0 1 359
→→←→→ 0 1 366
←←←←← 1 1 412
→→→→→ 1 1 482
←←←←← 1 1 681
←←→←← 0 1 456
←←←←← 1 1 573
←←→←← 0 1 586
→→←→→ 0 1 397
→→→→→ 1 1 461
←←→←← 0 1 374
←←←←← 1 1 506
←←→←← 0 1 463
←←→←← 0 1 369
←←→←← 0 1 351
←←←←← 1 1 446
←←←←← 1 1 405
→→←→→ 0 1 433
←←←←← 1 1 404
←←→←← 0 1 391
←←→←← 0 1 352
←←←←← 1 1 388
←←→←← 0 1 387
→→←→→ 0 1 412
←←→←← 0 1 421
←←←←← 1 1 375
→→←→→ 0 1 323
←←←←← 1 1 385
←←←←← 1 1 379
←←→←← 0 1 390
→→→→→ 1 1 419
→→←→→ 0 1 367
