←←→←← 0 3 2000
→→←→→ 0 1 1686
→→→→→ 1 2 1597
←←←←← 1 3 2000
→→→→→ 1 1 1382
→→→→→ 1 1 571
←←←←← 1 1 704
←←→←← 0 1 739
←←←←← 1 1 666
→→→→→ 1 1 951
→→←→→ 0 1 716
←←→←← 0 1 574
→→←→→ 0 1 538
→→←→→ 0 1 558
←←←←← 1 1 473
→→←→→ 0 1 480
→→→→→ 1 1 786
←←←←← 1 1 683
→→→→→ 1 1 789
←←←←← 1 1 559
←←→←← 0 1 751
→→←→→ 0 1 619
→→→→→ 1 1 557
→→←→→ 0 1 768
←←←←← 1 1 534
→→→→→ 1 1 635
←←→←← 0 1 670
←←←←← 1 1 556
→→→→→ 1 1 606
→→→→→ 1 1 599
→→←→→ 0 1 597
→→→→→ 1 1 607
←←←←← 1 1 535
←←→←← 0 1 610
→→←→→ 0 1 529
→→←→→ 0 1 608
→→→→→ 1 1 572
→→←→→ 0 1 562
←←←←← 1 1 568
←←←←← 1 1 450
→→←→→ 0 1 495
←←→←← 0 1 592
←←←←← 1 1 679
←←←←← 1 1 496
←←←←← 1 1 503
←←→←← 0 1 594
→→→→→ 1 1 504
←←←←← 1 1 562
→→←→→ 0 1 441
←←←←← 1 1 513
←←←←← 1 1 455
→→→→→ 1 1 582
→→←→→ 0 1 480
→→←→→ 0 1 476
←←→←← 0 1 502
←←←←← 1 1 546
→→←→→ 0 1 605
←←→←← 0 1 582
←←→←← 0 1 569
←←←←← 1 1 542
→→→→→ 1 1 531
←←←←← 1 1 587
←←←←← 1 1 598
→→←→→ 0 1 606
←←→←← 0 1 539
→→→→→ 1 2 496
→→←→→ 0 1 691
→→→→→ 1 1 576
←←→←← 0 1 468
←←→←← 0 1 836
→→→→→ 1 1 499
→→→→→ 1 1 573
→→→→→ 1 1 509
→→→→→ 1 1 533
←←→←← 0 1 512
→→→→→ 1 1 423
←←→←← 0 1 643
→→←→→ 0 1 678
→→←→→ 0 1 569
←←→←← 0 1 543
←←→←← 0 1 540
→→←→→ 0 1 646
←←→←← 0 1 566
←←←←← 1 1 546
←←→←← 0 1 520
→→←→→ 0 1 497
←←→←← 0 1 485
→→→→→ 1 1 540
←←→←← 0 1 473
→→←→→ 0 1 538
←←→←← 0 1 478
→→→→→ 1 1 524
←←→←← 0 1 421
→→←→→ 0 1 610
←←←←← 1 1 449
←←→←← 0 1 499
←←←←← 1 1 469
→→←→→ 0 1 485
←←←←← 1 1 523
→→→→→ 1 1 529
