←←→←← 0 3 2000
←←←←← 1 1 788
→→→→→ 1 1 673
→→→→→ 1 1 555
←←←←← 1 1 483
←←←←← 1 1 369
→→→→→ 1 1 371
←←←←← 1 1 406
←←←←← 1 1 407
→→→→→ 1 1 391
→→←→→ 0 1 397
←←←←← 1 1 416
←←→←← 0 1 396
←←←←← 1 1 392
←←→←← 0 1 364
←←←←← 1 1 362
←←←←← 1 1 364
→→←→→ 0 1 455
→→→→→ 1 1 401
←←→←← 0 1 466
→→←→→ 0 1 379
→→→→→ 1 1 356
→→→→→ 1 1 356
←←→←← 0 1 554
→→←→→ 0 1 387
←←→←← 0 1 351
←←→←← 0 1 329
→→←→→ 0 1 357
→→→→→ 1 1 330
→→←→→ 0 1 373
→→←→→ 0 1 389
→→←→→ 0 1 675
←←←←← 1 1 336
←←←←← 1 1 355
→→←→→ 0 2 406
←←←←← 1 1 403
→→←→→ 0 1 445
←←→←← 0 1 394
←←→←← 0 1 354
→→←→→ 0 1 379
→→←→→ 0 1 432
→→→→→ 1 1 364
←←←←← 1 1 377
←←→←← 0 1 369
→→←→→ 0 1 355
←←→←← 0 1 411
→→←→→ 0 1 387
→→←→→ 0 1 419
→→→→→ 1 1 416
→→→→→ 1 1 444
←←→←← 0 1 426
←←←←← 1 1 450
←←→←← 0 1 369
←←←←← 1 1 338
←←←←← 1 1 314
→→←→→ 0 1 310
←←→←← 0 1 353
←←→←← 0 1 362
←←←←← 1 1 354
→→←→→ 0 1 410
←←→←← 0 1 381
→→→→→ 1 1 319
←←→←← 0 1 341
→→←→→ 0 1 302
←←←←← 1 1 341
←←→←← 0 1 318
←←←←← 1 1 342
←←→←← 0 2 336
←←←←← 1 1 352
→→←→→ 0 2 361
→→→→→ 1 1 407
←←→←← 0 1 368
→→→→→ 1 1 344
→→→→→ 1 1 346
←←→←← 0 1 347
←←←←← 1 1 394
→→←→→ 0 1 386
→→→→→ 1 1 375
→→←→→ 0 2 317
←←←←← 1 1 528
←←←←← 1 1 321
→→→→→ 1 1 373
→→→→→ 1 1 331
→→←→→ 0 1 342
←←→←← 0 1 359
←←→←← 0 1 335
→→→→→ 1 1 373
←←→←← 0 1 323
→→→→→ 1 1 428
→→←→→ 0 1 395
←←←←← 1 1 331
→→←→→ 0 1 418
→→→→→ 1 1 368
→→→→→ 1 1 384
→→→→→ 1 1 367
→→→→→ 1 1 366
←←→←← 0 1 422
→→→→→ 1 1 318
←←←←← 1 1 375
→→←→→ 0 1 369
