→→←→→ 0 1 1202
→→→→→ 1 1 383
→→←→→ 0 1 342
←←←←← 1 1 445
←←→←← 0 1 364
←←→←← 0 1 409
←←→←← 0 2 334
←←←←← 1 1 607
←←→←← 0 1 372
→→→→→ 1 1 332
←←→←← 0 1 390
←←←←← 1 1 388
→→→→→ 1 1 348
←←→←← 0 1 404
←←→←← 0 1 424
→→→→→ 1 1 339
→→←→→ 0 1 382
→→→→→ 1 1 351
→→→→→ 1 1 332
←←→←← 0 1 377
←←←←← 1 1 344
→→←→→ 0 1 351
←←←←← 1 1 347
←←→←← 0 1 339
→→→→→ 1 1 296
→→←→→ 0 1 340
←←←←← 1 1 335
←←→←← 0 1 340
→→←→→ 0 1 346
←←→←← 0 1 294
←←→←← 0 1 289
←←←←← 1 1 341
←←←←← 1 1 297
←←←←← 1 1 312
←←←←← 1 1 300
←←←←← 1 1 328
→→→→→ 1 1 273
→→→→→ 1 1 309
→→→→→ 1 1 381
←←→←← 0 1 283
→→←→→ 0 1 371
←←←←← 1 1 307
→→←→→ 0 1 331
→→←→→ 0 1 261
←←←←← 1 1 263
←←→←← 0 1 381
←←→←← 0 1 375
→→→→→ 1 1 293
←←←←← 1 1 314
←←→←← 0 1 307
←←←←← 1 1 323
→→→→→ 1 1 379
→→→→→ 1 1 339
→→←→→ 0 1 354
←←←←← 1 1 272
→→←→→ 0 1 415
→→←→→ 0 2 323
→→→→→ 1 1 384
→→←→→ 0 2 286
→→→→→ 1 1 364
→→←→→ 0 1 332
→→←→→ 0 1 354
→→←→→ 0 1 356
→→→→→ 1 1 359
←←←←← 1 1 332
←←←←← 1 1 292
→→←→→ 0 1 434
←←→←← 0 1 366
←←←←← 1 1 335
→→→→→ 1 1 329
→→←→→ 0 1 324
→→←→→ 0 1 330
→→←→→ 0 1 506
←←←←← 1 1 292
←←→←← 0 1 391
→→←→→ 0 1 336
←←←←← 1 1 311
→→←→→ 0 1 418
←←←←← 1 1 294
→→←→→ 0 1 303
→→←→→ 0 1 289
→→→→→ 1 1 278
→→→→→ 1 1 313
→→→→→ 1 1 300
←←→←← 0 1 353
→→→→→ 1 1 307
←←←←← 1 1 346
←←→←← 0 1 390
←←→←← 0 1 321
→→→→→ 1 1 435
→→→→→ 1 1 285
→→←→→ 0 1 401
←←→←← 0 1 343
←←←←← 1 1 302
←←→←← 0 1 345
→→→→→ 1 1 377
→→→→→ 1 1 241
←←→←← 0 1 320
←←←←← 1 1 428
←←→←← 0 1 357
