→→→→→ 1 1 1083
←←←←← 1 1 651
←←→←← 0 1 861
←←←←← 1 1 698
←←→←← 0 1 681
←←←←← 1 1 706
←←←←← 1 1 602
←←→←← 0 1 649
→→→→→ 1 1 540
←←←←← 1 1 505
←←→←← 0 1 519
←←←←← 1 1 503
←←→←← 0 1 468
→→→→→ 1 1 534
→→←→→ 0 1 591
→→→→→ 1 1 525
←←→←← 0 1 487
→→→→→ 1 1 450
→→→→→ 1 1 511
→→→→→ 1 1 470
→→←→→ 0 1 519
→→←→→ 0 1 561
→→←→→ 0 1 569
→→→→→ 1 1 599
←←→←← 0 1 569
→→→→→ 1 1 517
←←←←← 1 1 493
←←←←← 1 1 501
→→←→→ 0 1 485
→→←→→ 0 1 563
→→→→→ 1 1 495
←←←←← 1 1 456
→→→→→ 1 1 492
→→→→→ 1 1 568
←←←←← 1 1 432
→→←→→ 0 1 541
←←→←← 0 1 543
←←→←← 0 1 617
←←←←← 1 1 443
→→←→→ 0 1 485
→→→→→ 1 1 463
→→→→→ 1 1 471
←←→←← 0 1 460
→→←→→ 0 1 486
←←→←← 0 1 524
←←←←← 1 1 429
←←←←← 1 1 497
→→→→→ 1 1 457
←←→←← 0 1 447
→→→→→ 1 1 543
←←→←← 0 1 516
→→→→→ 1 1 610
→→←→→ 0 1 517
→→←→→ 0 1 517
→→→→→ 1 1 477
←←→←← 0 1 502
←←→←← 0 1 510
→→←→→ 0 1 520
→→←→→ 0 1 546
→→←→→ 0 1 551
→→←→→ 0 1 552
→→←→→ 0 1 571
←←←←← 1 1 601
←←←←← 1 1 647
→→→→→ 1 1 490
→→→→→ 1 1 546
←←←←← 1 1 521
→→→→→ 1 1 581
←←←←← 1 1 572
←←→←← 0 1 658
←←→←← 0 1 635
→→←→→ 0 1 646
→→←→→ 0 1 697
→→→→→ 1 1 508
←←←←← 1 1 552
→→←→→ 0 1 546
→→→→→ 1 1 472
→→←→→ 0 1 532
←←←←← 1 1 482
→→←→→ 0 1 519
←←→←← 0 1 460
←←←←← 1 1 535
←←→←← 0 1 485
←←←←← 1 1 466
←←→←← 0 1 584
←←←←← 1 1 633
←←→←← 0 1 625
→→→→→ 1 1 596
→→←→→ 0 1 530
←←→←← 0 1 535
←←←←← 1 1 603
→→←→→ 0 1 652
←←→←← 0 1 569
←←←←← 1 1 654
→→←→→ 0 1 683
→→←→→ 0 1 752
←←←←← 1 1 715
←←→←← 0 1 533
→→→→→ 1 1 515
←←→←← 0 1 585
