←←→←← 0 3 2000
→→→→→ 1 1 568
→→←→→ 0 1 501
←←←←← 1 1 386
←←←←← 1 1 430
→→←→→ 0 1 447
→→→→→ 1 1 436
←←←←← 1 1 592
←←→←← 0 1 428
←←→←← 0 1 465
←←→←← 0 1 541
→→←→→ 0 1 443
←←←←← 1 1 421
←←←←← 1 1 324
→→→→→ 1 1 397
←←←←← 1 1 420
←←→←← 0 1 429
→→←→→ 0 1 434
←←←←← 1 1 432
→→←→→ 0 1 474
→→←→→ 0 1 374
←←←←← 1 1 356
→→←→→ 0 1 328
→→←→→ 0 1 445
←←←←← 1 1 364
→→→→→ 1 1 409
→→←→→ 0 1 452
←←→←← 0 1 388
←←→←← 0 2 522
←←→←← 0 1 501
→→←→→ 0 1 463
→→→→→ 1 1 436
→→→→→ 1 1 457
←←←←← 1 1 500
→→→→→ 1 1 421
→→→→→ 1 1 477
←←←←← 1 1 525
→→→→→ 1 1 452
←←←←← 1 1 450
←←←←← 1 1 446
←←→←← 0 1 458
→→→→→ 1 1 381
←←←←← 1 1 468
→→←→→ 0 1 353
→→←→→ 0 1 420
←←←←← 1 1 433
→→←→→ 0 1 442
→→→→→ 1 2 452
→→→→→ 1 1 424
→→→→→ 1 1 467
←←→←← 0 1 340
→→→→→ 1 1 412
→→→→→ 1 1 400
→→←→→ 0 2 332
→→←→→ 0 1 536
←←→←← 0 1 735
←←←←← 1 1 512
→→←→→ 0 1 497
←←→←← 0 1 412
←←→←← 0 1 454
→→→→→ 1 1 492
←←→←← 0 1 478
→→→→→ 1 1 507
←←←←← 1 1 507
←←→←← 0 1 451
→→→→→ 1 1 406
→→→→→ 1 1 333
←←→←← 0 1 481
→→←→→ 0 1 462
←←→←← 0 2 538
←←←←← 1 1 893
←←→←← 0 1 488
→→←→→ 0 1 467
←←→←← 0 1 442
→→→→→ 1 1 381
→→→→→ 1 1 416
←←→←← 0 1 397
→→←→→ 0 1 541
→→→→→ 1 1 524
←←←←← 1 1 772
→→←→→ 0 1 545
→→←→→ 0 1 533
←←→←← 0 1 588
→→→→→ 1 1 382
←←←←← 1 1 630
←←→←← 0 1 456
→→←→→ 0 1 485
←←→←← 0 1 472
→→←→→ 0 1 946
←←→←← 0 1 549
←←←←← 1 1 489
←←→←← 0 1 431
→→→→→ 1 1 460
→→→→→ 1 1 441
←←←←← 1 1 439
→→←→→ 0 1 482
←←←←← 1 1 374
←←←←← 1 1 511
→→←→→ 0 1 445
←←←←← 1 1 343
