←←→←← 0 1 800
←←→←← 0 1 494
→→←→→ 0 1 517
→→←→→ 0 1 456
→→←→→ 0 1 466
→→→→→ 1 1 420
←←→←← 0 1 421
→→←→→ 0 1 398
←←→←← 0 1 371
→→→→→ 1 1 369
→→←→→ 0 1 444
←←→←← 0 1 436
←←←←← 1 1 472
←←→←← 0 1 463
→→→→→ 1 1 406
→→→→→ 1 1 393
→→→→→ 1 1 364
→→←→→ 0 1 356
→→→→→ 1 1 449
→→→→→ 1 1 376
←←←←← 1 1 443
→→→→→ 1 1 407
→→→→→ 1 1 388
←←→←← 0 1 379
→→→→→ 1 1 392
→→←→→ 0 1 439
←←←←← 1 1 460
←←→←← 0 1 481
→→→→→ 1 1 379
→→→→→ 1 1 388
→→→→→ 1 1 376
→→←→→ 0 1 369
←←←←← 1 1 329
→→→→→ 1 1 426
→→←→→ 0 1 346
←←→←← 0 1 429
←←←←← 1 1 388
→→←→→ 0 1 454
←←←←← 1 1 467
←←→←← 0 1 417
←←→←← 0 1 368
←←→←← 0 1 387
←←→←← 0 1 386
→→←→→ 0 1 443
←←→←← 0 1 423
→→→→→ 1 1 381
→→←→→ 0 1 405
→→→→→ 1 1 402
→→→→→ 1 1 375
→→→→→ 1 1 328
→→←→→ 0 1 468
→→←→→ 0 1 387
→→←→→ 0 2 353
←←←←← 1 1 544
←←←←← 1 2 325
→→←→→ 0 1 383
←←←←← 1 1 380
←←←←← 1 1 343
←←→←← 0 1 432
→→→→→ 1 1 350
→→←→→ 0 1 423
←←→←← 0 1 396
←←←←← 1 1 357
←←→←← 0 1 354
←←←←← 1 1 368
←←→←← 0 1 426
→→←→→ 0 1 377
←←←←← 1 1 405
→→←→→ 0 1 379
→→→→→ 1 1 381
→→←→→ 0 1 401
←←→←← 0 1 390
←←→←← 0 1 417
→→←→→ 0 1 414
←←←←← 1 1 409
←←→←← 0 1 404
←←←←← 1 1 421
→→←→→ 0 1 388
←←→←← 0 1 407
→→→→→ 1 1 307
←←←←← 1 1 415
←←←←← 1 1 371
←←←←← 1 1 411
←←←←← 1 1 337
→→→→→ 1 1 405
←←→←← 0 1 346
←←→←← 0 1 338
→→→→→ 1 1 411
←←←←← 1 1 374
←←←←← 1 1 391
→→←→→ 0 1 363
←←←←← 1 1 331
←←←←← 1 1 348
←←←←← 1 1 448
→→←→→ 0 1 338
→→←→→ 0 1 358
←←→←← 0 1 385
→→→→→ 1 1 397
→→→→→ 1 1 371
←←←←← 1 1 375
