←←←←← 1 1 1242
←←←←← 1 1 722
→→←→→ 0 1 974
←←→←← 0 1 671
→→→→→ 1 1 645
→→←→→ 0 1 554
←←→←← 0 1 566
←←←←← 1 1 539
←←←←← 1 1 631
←←←←← 1 1 606
→→←→→ 0 1 564
→→←→→ 0 1 595
←←←←← 1 1 713
→→→→→ 1 1 446
←←→←← 0 1 497
→→→→→ 1 1 695
←←→←← 0 1 539
→→→→→ 1 1 501
→→→→→ 1 1 473
→→←→→ 0 1 563
→→→→→ 1 1 503
←←←←← 1 1 491
→→←→→ 0 1 553
→→←→→ 0 1 429
→→←→→ 0 1 478
←←←←← 1 1 506
→→→→→ 1 1 612
→→←→→ 0 1 593
→→→→→ 1 1 408
→→→→→ 1 1 608
→→→→→ 1 1 424
←←←←← 1 1 582
→→→→→ 1 1 472
←←→←← 0 1 388
←←→←← 0 1 558
→→←→→ 0 1 426
←←→←← 0 1 514
→→→→→ 1 1 475
→→←→→ 0 1 630
←←→←← 0 1 469
←←→←← 0 1 583
←←←←← 1 1 499
←←→←← 0 1 390
←←→←← 0 1 535
→→→→→ 1 1 377
←←←←← 1 1 355
→→←→→ 0 1 506
←←←←← 1 1 443
←←←←← 1 1 426
→→→→→ 1 1 572
←←←←← 1 1 557
←←←←← 1 1 440
→→←→→ 0 2 493
←←←←← 1 1 593
←←→←← 0 1 455
←←→←← 0 1 483
←←→←← 0 1 370
→→←→→ 0 1 446
←←←←← 1 1 325
←←→←← 0 1 408
←←→←← 0 1 427
←←←←← 1 1 372
→→←→→ 0 1 440
←←←←← 1 1 433
←←→←← 0 1 404
→→→→→ 1 1 471
→→←→→ 0 1 559
←←→←← 0 1 566
→→←→→ 0 1 526
←←→←← 0 1 397
→→←→→ 0 1 426
→→←→→ 0 1 514
→→→→→ 1 1 400
←←→←← 0 1 370
→→→→→ 1 1 403
←←→←← 0 1 473
→→←→→ 0 1 402
←←→←← 0 1 448
←←←←← 1 1 384
→→→→→ 1 1 382
→→→→→ 1 1 526
←←←←← 1 1 600
→→←→→ 0 1 467
←←→←← 0 1 409
←←→←← 0 1 384
→→→→→ 1 1 367
→→→→→ 1 1 396
→→←→→ 0 1 487
→→←→→ 0 1 335
←←←←← 1 1 411
←←←←← 1 1 401
→→←→→ 0 1 364
←←←←← 1 1 426
→→→→→ 1 1 447
←←→←← 0 1 444
→→→→→ 1 1 354
→→→→→ 1 1 362
→→←→→ 0 1 559
→→→→→ 1 2 292
←←←←← 1 1 1024
