←←←←← 1 1 936
←←→←← 0 1 564
→→→→→ 1 1 493
→→←→→ 0 1 506
→→→→→ 1 1 438
←←→←← 0 1 536
←←→←← 0 1 490
←←→←← 0 1 451
←←→←← 0 1 457
→→→→→ 1 1 696
←←→←← 0 1 480
→→→→→ 1 1 479
→→←→→ 0 1 506
←←→←← 0 1 510
→→→→→ 1 1 450
→→→→→ 1 1 480
←←→←← 0 1 510
←←←←← 1 1 467
→→←→→ 0 1 414
→→←→→ 0 1 504
→→→→→ 1 1 432
→→←→→ 0 1 539
←←←←← 1 1 470
→→←→→ 0 1 592
←←→←← 0 1 481
→→←→→ 0 1 435
→→←→→ 0 1 399
←←←←← 1 1 393
←←←←← 1 1 369
←←←←← 1 1 373
→→←→→ 0 1 413
→→←→→ 0 1 427
→→←→→ 0 1 502
←←←←← 1 1 432
←←←←← 1 1 492
→→→→→ 1 1 489
←←←←← 1 1 520
→→→→→ 1 1 501
→→→→→ 1 1 479
→→→→→ 1 1 510
←←←←← 1 1 458
→→→→→ 1 1 480
→→←→→ 0 1 490
→→←→→ 0 1 464
←←←←← 1 1 462
→→→→→ 1 1 504
←←←←← 1 1 523
←←←←← 1 1 462
←←→←← 0 1 445
←←→←← 0 1 459
←←←←← 1 1 514
←←→←← 0 1 563
←←→←← 0 1 525
←←→←← 0 1 514
→→→→→ 1 1 454
→→←→→ 0 1 494
→→←→→ 0 1 447
→→→→→ 1 1 485
→→→→→ 1 1 393
←←→←← 0 1 445
→→←→→ 0 1 455
→→←→→ 0 1 389
→→→→→ 1 1 484
→→→→→ 1 1 575
→→←→→ 0 1 420
→→→→→ 1 1 494
←←→←← 0 1 423
←←←←← 1 1 429
←←→←← 0 1 410
→→←→→ 0 1 491
←←←←← 1 1 432
←←→←← 0 1 443
←←←←← 1 1 520
→→←→→ 0 1 478
←←→←← 0 1 473
←←←←← 1 1 451
→→←→→ 0 1 441
←←←←← 1 1 460
→→←→→ 0 1 452
→→→→→ 1 1 550
←←←←← 1 1 493
←←←←← 1 1 426
→→←→→ 0 1 435
→→→→→ 1 1 421
←←←←← 1 1 600
→→←→→ 0 1 408
→→→→→ 1 1 387
→→→→→ 1 1 448
←←→←← 0 1 575
→→→→→ 1 1 437
→→←→→ 0 1 489
←←→←← 0 1 497
←←→←← 0 1 442
←←→←← 0 1 458
←←→←← 0 1 535
→→→→→ 1 1 513
←←→←← 0 1 521
←←←←← 1 1 503
←←←←← 1 1 525
←←←←← 1 1 498
