→→→→→ 1 1 1459
→→←→→ 0 1 777
←←←←← 1 1 677
←←→←← 0 1 801
→→←→→ 0 1 662
→→←→→ 0 1 664
→→←→→ 0 1 755
←←→←← 0 1 590
→→←→→ 0 1 993
→→←→→ 0 1 658
→→→→→ 1 1 567
←←←←← 1 1 620
←←→←← 0 1 579
←←→←← 0 1 600
→→←→→ 0 1 625
←←←←← 1 1 613
→→←→→ 0 1 621
→→→→→ 1 1 551
→→←→→ 0 1 646
→→←→→ 0 1 603
←←←←← 1 1 623
←←→←← 0 1 577
←←←←← 1 1 566
←←→←← 0 1 598
→→←→→ 0 1 598
→→←→→ 0 1 608
→→→→→ 1 1 521
←←←←← 1 1 574
←←→←← 0 1 557
←←→←← 0 1 602
←←←←← 1 1 557
→→←→→ 0 1 588
←←←←← 1 1 580
→→→→→ 1 1 528
→→←→→ 0 1 539
→→→→→ 1 1 509
←←←←← 1 1 505
→→→→→ 1 1 582
←←←←← 1 1 569
←←→←← 0 1 599
←←→←← 0 1 599
→→→→→ 1 1 596
→→→→→ 1 1 613
→→→→→ 1 1 658
←←←←← 1 1 560
←←→←← 0 1 571
←←→←← 0 1 706
→→→→→ 1 1 592
←←←←← 1 1 494
←←←←← 1 1 542
→→→→→ 1 1 664
←←←←← 1 1 573
←←←←← 1 1 556
→→→→→ 1 1 585
←←→←← 0 1 601
→→←→→ 0 1 552
→→→→→ 1 1 577
→→←→→ 0 1 577
←←→←← 0 1 625
←←→←← 0 1 627
←←←←← 1 1 566
→→→→→ 1 1 513
←←→←← 0 1 605
←←→←← 0 1 613
←←←←← 1 1 553
←←←←← 1 1 664
→→→→→ 1 1 617
→→→→→ 1 1 583
←←→←← 0 1 605
←←→←← 0 1 615
←←→←← 0 1 562
←←→←← 0 1 601
→→→→→ 1 1 495
←←←←← 1 1 529
→→→→→ 1 1 559
←←←←← 1 1 576
→→←→→ 0 1 620
←←→←← 0 1 577
→→←→→ 0 1 601
←←←←← 1 1 582
→→→→→ 1 1 531
←←←←← 1 1 593
→→←→→ 0 1 551
→→←→→ 0 1 522
→→→→→ 1 1 493
←←→←← 0 1 589
→→→→→ 1 1 617
→→←→→ 0 1 581
→→→→→ 1 1 616
→→←→→ 0 1 565
←←←←← 1 1 559
→→←→→ 0 1 536
→→←→→ 0 1 558
←←←←← 1 1 648
→→→→→ 1 1 576
←←→←← 0 1 549
←←→←← 0 1 652
←←←←← 1 1 517
→→→→→ 1 1 572
→→←→→ 0 1 553
