→→→→→ 1 1 1077
←←←←← 1 1 630
→→←→→ 0 1 621
←←←←← 1 1 450
←←←←← 1 1 483
→→→→→ 1 1 371
→→←→→ 0 1 465
←←←←← 1 1 467
←←←←← 1 1 438
→→→→→ 1 1 389
←←→←← 0 1 542
←←→←← 0 1 444
→→→→→ 1 1 416
→→→→→ 1 1 426
←←←←← 1 1 434
←←→←← 0 1 463
←←←←← 1 1 444
→→←→→ 0 1 564
←←→←← 0 1 422
←←←←← 1 1 465
→→←→→ 0 1 445
←←←←← 1 1 379
←←←←← 1 1 390
←←→←← 0 1 482
→→→→→ 1 1 376
←←→←← 0 1 372
→→→→→ 1 1 405
→→→→→ 1 1 429
→→←→→ 0 1 409
←←→←← 0 1 589
→→→→→ 1 1 524
←←→←← 0 1 460
→→←→→ 0 1 482
←←→←← 0 1 453
←←→←← 0 1 646
←←←←← 1 1 399
→→←→→ 0 1 399
→→→→→ 1 1 570
←←→←← 0 1 432
→→←→→ 0 1 436
←←→←← 0 1 641
←←→←← 0 1 459
←←→←← 0 1 433
→→←→→ 0 1 423
←←→←← 0 1 444
←←←←← 1 1 397
→→→→→ 1 1 466
→→←→→ 0 1 406
→→→→→ 1 1 594
→→→→→ 1 1 501
→→←→→ 0 1 424
←←→←← 0 1 520
←←←←← 1 1 484
←←←←← 1 1 324
←←←←← 1 1 358
→→→→→ 1 1 461
→→→→→ 1 1 405
→→→→→ 1 1 376
→→←→→ 0 1 430
←←←←← 1 1 403
→→←→→ 0 1 327
→→→→→ 1 1 603
←←→←← 0 1 340
←←→←← 0 1 404
→→←→→ 0 1 407
←←←←← 1 1 329
→→←→→ 0 1 422
→→→→→ 1 1 394
→→→→→ 1 1 435
←←→←← 0 1 448
←←→←← 0 1 413
←←→←← 0 1 374
→→←→→ 0 1 442
→→→→→ 1 1 413
←←←←← 1 1 370
←←←←← 1 1 433
→→←→→ 0 1 346
→→←→→ 0 1 391
→→→→→ 1 1 561
→→←→→ 0 1 422
←←←←← 1 1 334
←←←←← 1 1 339
←←←←← 1 1 309
←←→←← 0 1 421
←←→←← 0 1 361
→→←→→ 0 1 421
→→←→→ 0 1 366
→→←→→ 0 1 429
←←→←← 0 1 557
→→→→→ 1 1 385
→→→→→ 1 1 346
→→←→→ 0 2 339
→→←→→ 0 1 606
→→←→→ 0 1 342
→→→→→ 1 1 416
→→→→→ 1 1 367
←←→←← 0 1 377
←←←←← 1 1 434
←←←←← 1 1 307
←←←←← 1 1 339
