←←←←← 1 1 1946
←←←←← 1 1 655
←←→←← 0 1 645
→→→→→ 1 1 642
→→→→→ 1 1 555
←←←←← 1 1 602
→→←→→ 0 3 2000
←←→←← 0 1 738
←←→←← 0 1 524
→→→→→ 1 1 752
←←←←← 1 1 587
→→→→→ 1 1 660
→→→→→ 1 1 554
→→→→→ 1 1 560
→→→→→ 1 1 535
←←→←← 0 1 826
←←→←← 0 1 616
←←←←← 1 1 675
←←→←← 0 1 616
←←→←← 0 1 570
←←→←← 0 1 512
→→→→→ 1 1 461
←←←←← 1 1 572
←←→←← 0 1 554
→→←→→ 0 1 529
←←→←← 0 1 526
→→←→→ 0 1 556
←←←←← 1 1 544
→→←→→ 0 1 522
→→←→→ 0 1 572
→→←→→ 0 1 497
→→→→→ 1 1 495
←←→←← 0 1 496
←←→←← 0 1 437
→→→→→ 1 1 448
→→→→→ 1 1 436
→→←→→ 0 1 527
→→←→→ 0 1 541
→→←→→ 0 2 526
→→←→→ 0 1 725
→→→→→ 1 1 495
←←←←← 1 1 526
→→←→→ 0 1 645
→→←→→ 0 1 508
←←→←← 0 1 560
→→←→→ 0 1 720
←←→←← 0 1 569
→→→→→ 1 1 526
←←←←← 1 1 451
←←→←← 0 1 511
→→←→→ 0 1 510
←←←←← 1 1 540
→→←→→ 0 1 480
←←→←← 0 1 557
←←←←← 1 1 554
←←←←← 1 1 525
←←←←← 1 1 525
←←←←← 1 1 526
→→←→→ 0 1 451
→→→→→ 1 1 496
←←←←← 1 1 492
←←←←← 1 1 528
→→→→→ 1 1 558
←←←←← 1 1 523
←←→←← 0 1 540
→→→→→ 1 1 497
←←→←← 0 1 483
←←←←← 1 1 492
←←←←← 1 1 451
→→→→→ 1 1 509
→→→→→ 1 1 479
→→→→→ 1 1 499
←←←←← 1 1 554
→→←→→ 0 1 544
←←←←← 1 1 509
→→←→→ 0 1 691
→→→→→ 1 1 525
←←→←← 0 1 556
→→→→→ 1 1 481
→→←→→ 0 1 573
←←←←← 1 1 599
→→←→→ 0 1 496
←←←←← 1 1 449
←←→←← 0 1 495
←←→←← 0 1 602
←←→←← 0 2 525
←←←←← 1 1 1150
←←→←← 0 1 541
→→→→→ 1 1 673
→→←→→ 0 1 510
→→←→→ 0 1 480
→→→→→ 1 1 643
→→←→→ 0 1 556
→→→→→ 1 1 662
→→←→→ 0 1 633
→→←→→ 0 1 599
←←→←← 0 1 571
←←→←← 0 1 571
←←←←← 1 1 525
→→→→→ 1 1 510
