←←→←← 0 1 1679
←←←←← 1 1 653
→→←→→ 0 1 643
→→←→→ 0 1 765
←←→←← 0 1 555
←←←←← 1 1 568
←←→←← 0 1 503
→→→→→ 1 1 828
←←→←← 0 1 590
←←←←← 1 1 559
←←→←← 0 1 607
→→→→→ 1 1 438
→→←→→ 0 1 654
←←→←← 0 1 515
→→←→→ 0 1 399
→→→→→ 1 1 407
→→→→→ 1 1 487
→→→→→ 1 1 482
←←→←← 0 1 384
←←→←← 0 1 463
→→→→→ 1 1 388
←←←←← 1 1 446
→→←→→ 0 1 495
←←←←← 1 1 562
→→→→→ 1 1 537
→→→→→ 1 1 339
←←→←← 0 1 419
←←→←← 0 1 349
→→←→→ 0 1 503
→→→→→ 1 1 467
←←←←← 1 1 428
→→←→→ 0 1 444
→→←→→ 0 1 428
→→←→→ 0 1 489
←←→←← 0 1 471
→→←→→ 0 1 510
←←←←← 1 1 417
→→←→→ 0 1 384
→→→→→ 1 1 341
←←←←← 1 1 479
→→←→→ 0 1 434
→→←→→ 0 1 467
→→→→→ 1 1 469
←←←←← 1 1 417
←←→←← 0 1 499
←←→←← 0 1 422
→→→→→ 1 1 430
←←→←← 0 2 344
←←←←← 1 1 1394
←←←←← 1 1 451
←←←←← 1 1 463
←←→←← 0 1 475
→→←→→ 0 1 489
←←←←← 1 1 483
←←←←← 1 1 463
→→←→→ 0 1 453
←←→←← 0 1 496
←←←←← 1 1 421
←←←←← 1 1 508
→→←→→ 0 1 480
→→→→→ 1 1 431
→→←→→ 0 1 453
←←←←← 1 1 439
←←←←← 1 1 419
→→→→→ 1 1 489
←←←←← 1 1 403
→→→→→ 1 1 539
←←←←← 1 1 428
→→→→→ 1 1 348
←←→←← 0 1 420
←←←←← 1 1 446
→→←→→ 0 1 432
←←→←← 0 1 472
→→→→→ 1 1 396
←←←←← 1 1 444
→→←→→ 0 1 407
→→→→→ 1 1 457
→→←→→ 0 1 438
←←→←← 0 1 472
→→←→→ 0 1 377
←←→←← 0 1 457
←←←←← 1 1 362
←←←←← 1 1 496
→→→→→ 1 1 421
→→←→→ 0 1 363
→→→→→ 1 1 447
→→←→→ 0 1 436
→→→→→ 1 1 665
←←←←← 1 1 456
→→←→→ 0 1 467
→→→→→ 1 1 461
→→→→→ 1 1 421
←←→←← 0 1 432
→→→→→ 1 1 420
→→→→→ 1 1 369
←←→←← 0 1 392
←←→←← 0 1 378
←←→←← 0 1 487
←←→←← 0 1 394
→→←→→ 0 1 537
