←←→←← 0 1 1966
←←←←← 1 1 1060
→→←→→ 0 1 1052
→→→→→ 1 1 845
←←→←← 0 1 1190
→→←→→ 0 1 853
→→→→→ 1 1 746
←←→←← 0 1 737
←←→←← 0 1 702
←←→←← 0 1 815
←←→←← 0 1 738
←←→←← 0 1 758
→→→→→ 1 1 758
←←←←← 1 1 544
←←→←← 0 1 635
→→→→→ 1 1 610
→→←→→ 0 1 566
←←←←← 1 1 706
←←←←← 1 1 669
→→←→→ 0 1 678
←←→←← 0 1 700
→→→→→ 1 1 660
→→←→→ 0 1 655
→→→→→ 1 1 682
←←→←← 0 1 640
←←→←← 0 1 690
←←→←← 0 1 664
←←→←← 0 1 637
←←→←← 0 1 649
←←→←← 0 1 735
→→←→→ 0 1 678
←←←←← 1 1 665
→→→→→ 1 1 666
→→→→→ 1 1 623
←←←←← 1 1 596
←←←←← 1 1 585
→→←→→ 0 1 637
→→←→→ 0 1 623
←←←←← 1 1 648
→→→→→ 1 1 626
→→←→→ 0 1 686
←←→←← 0 1 675
→→→→→ 1 1 699
←←←←← 1 1 616
→→←→→ 0 1 752
←←→←← 0 1 655
→→→→→ 1 1 675
←←←←← 1 1 586
→→←→→ 0 1 637
→→←→→ 0 1 619
→→←→→ 0 1 652
→→←→→ 0 1 663
←←←←← 1 1 621
→→→→→ 1 1 625
←←←←← 1 1 622
→→←→→ 0 1 705
←←←←← 1 1 622
→→→→→ 1 1 725
←←→←← 0 1 690
←←←←← 1 1 569
→→→→→ 1 1 624
→→←→→ 0 1 591
→→→→→ 1 1 676
←←←←← 1 1 564
→→←→→ 0 1 729
→→←→→ 0 1 629
→→→→→ 1 1 598
←←←←← 1 1 644
→→←→→ 0 1 719
←←←←← 1 1 631
←←←←← 1 1 664
←←→←← 0 1 636
→→→→→ 1 1 696
←←→←← 0 1 690
←←→←← 0 1 630
→→→→→ 1 1 588
→→→→→ 1 1 619
→→←→→ 0 1 608
←←→←← 0 1 624
→→→→→ 1 1 602
←←←←← 1 1 609
←←→←← 0 1 665
→→→→→ 1 1 681
←←←←← 1 1 543
→→←→→ 0 1 754
→→←→→ 0 1 673
←←←←← 1 1 687
←←→←← 0 1 672
→→→→→ 1 1 709
→→→→→ 1 1 753
←←←←← 1 1 605
→→←→→ 0 1 620
→→←→→ 0 1 588
→→←→→ 0 1 652
←←←←← 1 1 698
→→→→→ 1 1 597
←←←←← 1 1 750
←←→←← 0 1 668
←←←←← 1 1 659
→→→→→ 1 1 603
