←←←←← 1 1 1040
←←←←← 1 1 501
←←→←← 0 1 488
→→←→→ 0 1 478
→→→→→ 1 1 365
→→←→→ 0 1 371
←←→←← 0 1 526
→→→→→ 1 1 372
←←→←← 0 1 442
←←←←← 1 1 359
→→→→→ 1 1 349
→→→→→ 1 1 346
←←←←← 1 1 345
→→→→→ 1 2 371
→→→→→ 1 1 475
←←←←← 1 1 382
←←←←← 1 1 339
←←→←← 0 1 402
→→→→→ 1 1 298
←←→←← 0 1 360
→→←→→ 0 1 643
←←←←← 1 1 400
→→→→→ 1 1 371
←←←←← 1 1 645
→→←→→ 0 1 442
←←←←← 1 1 410
→→→→→ 1 1 381
→→←→→ 0 1 442
←←←←← 1 1 288
→→←→→ 0 1 384
→→←→→ 0 1 438
←←←←← 1 1 383
→→→→→ 1 1 334
→→→→→ 1 1 359
←←→←← 0 1 286
→→→→→ 1 1 364
→→→→→ 1 1 299
→→←→→ 0 1 405
←←←←← 1 1 329
←←→←← 0 1 422
←←→←← 0 1 312
←←←←← 1 1 397
→→→→→ 1 1 398
→→←→→ 0 1 295
←←←←← 1 1 375
→→←→→ 0 1 461
→→→→→ 1 1 311
←←←←← 1 1 376
→→→→→ 1 1 286
→→→→→ 1 1 396
←←→←← 0 2 379
→→←→→ 0 1 586
→→←→→ 0 1 363
→→←→→ 0 1 373
→→←→→ 0 1 371
→→→→→ 1 1 354
→→←→→ 0 1 400
←←→←← 0 1 385
←←←←← 1 1 377
←←→←← 0 1 355
→→←→→ 0 1 347
←←←←← 1 1 406
←←→←← 0 1 718
←←→←← 0 1 617
←←→←← 0 1 402
←←←←← 1 1 375
→→→→→ 1 1 359
←←←←← 1 1 334
←←←←← 1 2 358
←←←←← 1 1 463
→→→→→ 1 1 379
→→→→→ 1 1 348
←←→←← 0 1 448
←←→←← 0 1 399
←←→←← 0 1 378
←←←←← 1 1 390
→→←→→ 0 2 304
←←→←← 0 1 599
→→←→→ 0 1 458
→→→→→ 1 1 363
→→→→→ 1 1 358
←←←←← 1 1 403
→→←→→ 0 2 435
→→←→→ 0 1 503
←←→←← 0 1 387
→→←→→ 0 1 495
→→←→→ 0 1 379
←←→←← 0 1 417
→→→→→ 1 1 360
←←←←← 1 1 348
←←←←← 1 1 342
→→←→→ 0 1 334
→→←→→ 0 1 345
→→←→→ 0 1 483
←←→←← 0 1 417
→→→→→ 1 1 317
←←→←← 0 1 327
←←→←← 0 1 420
←←→←← 0 1 329
←←→←← 0 1 326
