←←→←← 0 1 1151
→→←→→ 0 1 604
→→→→→ 1 1 456
→→←→→ 0 1 585
→→←→→ 0 1 423
←←←←← 1 1 422
←←←←← 1 1 428
→→→→→ 1 1 456
→→→→→ 1 1 397
←←←←← 1 1 500
←←→←← 0 1 589
→→←→→ 0 1 696
→→←→→ 0 1 472
←←←←← 1 1 484
←←→←← 0 1 449
→→→→→ 1 1 409
←←→←← 0 1 422
→→→→→ 1 1 461
→→←→→ 0 1 482
←←→←← 0 1 471
→→→→→ 1 1 440
←←→←← 0 1 445
→→→→→ 1 1 410
→→→→→ 1 1 398
←←→←← 0 1 438
→→←→→ 0 1 514
→→←→→ 0 1 506
←←←←← 1 1 511
←←←←← 1 1 464
←←→←← 0 1 460
→→←→→ 0 1 527
→→→→→ 1 1 453
→→←→→ 0 1 501
→→→→→ 1 1 430
←←→←← 0 1 460
←←→←← 0 1 407
→→←→→ 0 1 460
→→←→→ 0 1 448
→→←→→ 0 1 451
←←→←← 0 1 424
←←←←← 1 1 412
→→←→→ 0 1 809
→→→→→ 1 1 439
←←←←← 1 1 454
←←→←← 0 1 477
←←←←← 1 1 443
←←→←← 0 1 457
←←→←← 0 1 448
←←←←← 1 1 445
←←←←← 1 1 485
→→←→→ 0 1 467
→→→→→ 1 1 457
←←←←← 1 1 460
→→→→→ 1 1 421
→→←→→ 0 1 469
←←←←← 1 1 409
→→←→→ 0 1 465
←←→←← 0 1 448
→→←→→ 0 1 468
→→←→→ 0 1 530
→→→→→ 1 1 449
←←←←← 1 1 522
→→→→→ 1 1 422
→→→→→ 1 1 453
→→→→→ 1 1 454
→→→→→ 1 1 456
→→→→→ 1 1 409
→→→→→ 1 1 400
←←←←← 1 1 473
←←→←← 0 1 642
→→←→→ 0 1 460
←←←←← 1 1 441
→→←→→ 0 1 446
←←→←← 0 1 511
←←←←← 1 1 542
←←→←← 0 1 481
←←←←← 1 1 511
←←→←← 0 1 412
←←→←← 0 1 447
→→→→→ 1 1 457
→→→→→ 1 1 419
←←→←← 0 1 435
→→←→→ 0 1 450
←←→←← 0 1 453
→→→→→ 1 1 436
←←→←← 0 1 465
←←←←← 1 1 613
→→→→→ 1 1 434
←←→←← 0 1 528
←←←←← 1 1 463
←←→←← 0 1 404
←←←←← 1 1 404
→→←→→ 0 1 478
→→←→→ 0 1 467
→→←→→ 0 1 425
←←←←← 1 1 465
←←←←← 1 1 456
←←←←← 1 1 459
→→→→→ 1 1 496
←←←←← 1 1 441
