←←→←← 0 1 1204
→→→→→ 1 1 546
→→←→→ 0 1 626
→→→→→ 1 1 584
→→→→→ 1 1 575
←←←←← 1 1 560
←←→←← 0 1 598
←←←←← 1 1 519
←←←←← 1 1 495
←←→←← 0 1 581
←←→←← 0 1 558
→→→→→ 1 1 519
←←→←← 0 1 504
→→←→→ 0 1 568
←←←←← 1 1 485
→→→→→ 1 1 526
←←←←← 1 1 569
→→←→→ 0 1 593
←←→←← 0 1 579
→→→→→ 1 1 483
←←←←← 1 1 556
→→←→→ 0 1 610
→→←→→ 0 1 883
←←→←← 0 1 652
→→←→→ 0 1 572
←←←←← 1 1 568
→→←→→ 0 1 560
←←←←← 1 1 458
←←→←← 0 1 509
→→←→→ 0 1 566
→→←→→ 0 1 495
←←→←← 0 1 553
→→→→→ 1 1 571
→→←→→ 0 1 528
←←←←← 1 1 489
←←→←← 0 1 552
→→→→→ 1 1 601
→→←→→ 0 1 540
←←←←← 1 1 517
→→←→→ 0 1 566
→→→→→ 1 1 566
←←←←← 1 1 472
←←←←← 1 1 931
←←→←← 0 1 541
→→→→→ 1 1 514
→→→→→ 1 1 610
→→←→→ 0 1 490
→→←→→ 0 1 545
→→→→→ 1 1 471
→→→→→ 1 1 430
→→←→→ 0 1 503
←←→←← 0 1 497
→→←→→ 0 1 539
←←→←← 0 1 509
←←→←← 0 1 540
→→→→→ 1 1 459
←←←←← 1 1 547
←←←←← 1 1 523
←←←←← 1 1 585
←←←←← 1 1 588
→→→→→ 1 2 531
→→←→→ 0 1 671
→→←→→ 0 1 599
→→←→→ 0 1 647
←←→←← 0 1 589
←←→←← 0 1 551
←←→←← 0 1 626
→→←→→ 0 1 584
←←→←← 0 1 547
→→→→→ 1 1 576
←←←←← 1 1 650
←←←←← 1 1 489
→→←→→ 0 1 554
→→←→→ 0 1 520
←←→←← 0 1 465
←←←←← 1 1 505
→→→→→ 1 1 539
→→→→→ 1 1 553
←←←←← 1 1 507
→→→→→ 1 1 522
←←←←← 1 1 560
→→→→→ 1 1 592
←←←←← 1 1 458
→→→→→ 1 1 490
→→→→→ 1 1 486
←←→←← 0 1 604
→→→→→ 1 1 478
←←→←← 0 1 523
→→←→→ 0 1 635
←←←←← 1 1 625
←←←←← 1 1 578
←←→←← 0 1 564
→→←→→ 0 1 562
→→←→→ 0 1 572
←←→←← 0 1 478
←←←←← 1 1 600
←←→←← 0 1 560
→→→→→ 1 1 573
←←→←← 0 1 614
→→→→→ 1 1 622
