←←←←← 1 3 2000
←←←←← 1 1 811
←←→←← 0 1 598
←←←←← 1 1 532
→→→→→ 1 1 551
←←→←← 0 1 526
←←←←← 1 1 509
→→←→→ 0 1 591
←←→←← 0 1 628
→→←→→ 0 1 818
←←←←← 1 1 551
→→←→→ 0 1 572
←←→←← 0 1 502
←←←←← 1 1 552
←←←←← 1 1 460
←←←←← 1 1 606
→→→→→ 1 1 549
←←→←← 0 1 584
←←→←← 0 1 599
→→→→→ 1 1 572
←←←←← 1 1 473
→→→→→ 1 1 486
→→→→→ 1 1 501
→→←→→ 0 1 559
←←←←← 1 1 522
→→←→→ 0 1 603
←←→←← 0 1 541
→→←→→ 0 1 480
←←→←← 0 1 508
→→→→→ 1 1 531
→→→→→ 1 1 471
←←←←← 1 1 519
←←←←← 1 1 472
→→←→→ 0 1 541
←←←←← 1 1 470
→→←→→ 0 1 609
→→→→→ 1 1 513
→→←→→ 0 1 550
→→→→→ 1 1 643
→→→→→ 1 1 577
←←→←← 0 1 636
←←→←← 0 1 558
←←→←← 0 1 544
←←←←← 1 1 418
→→→→→ 1 1 454
→→→→→ 1 1 501
→→←→→ 0 1 556
→→←→→ 0 1 562
→→→→→ 1 1 487
→→→→→ 1 1 398
←←→←← 0 1 548
←←→←← 0 1 511
→→→→→ 1 1 441
→→→→→ 1 1 519
→→→→→ 1 1 482
←←→←← 0 1 503
→→←→→ 0 1 519
→→←→→ 0 1 550
←←←←← 1 1 586
→→←→→ 0 1 546
→→→→→ 1 1 528
→→←→→ 0 1 531
→→→→→ 1 1 484
←←←←← 1 1 444
←←←←← 1 1 490
←←→←← 0 1 475
→→→→→ 1 1 424
←←→←← 0 1 594
→→→→→ 1 1 454
←←→←← 0 1 676
←←←←← 1 1 542
←←←←← 1 1 501
→→←→→ 0 1 557
→→←→→ 0 1 504
←←←←← 1 1 487
←←→←← 0 1 441
→→→→→ 1 1 429
←←→←← 0 1 399
←←→←← 0 1 473
→→←→→ 0 1 532
→→→→→ 1 1 528
←←←←← 1 1 448
→→←→→ 0 1 611
→→→→→ 1 1 433
→→←→→ 0 1 505
←←→←← 0 1 494
←←←←← 1 1 448
→→←→→ 0 1 504
→→←→→ 0 1 464
→→←→→ 0 1 462
→→→→→ 1 1 478
←←←←← 1 1 537
←←→←← 0 1 517
←←←←← 1 1 556
←←→←← 0 1 428
→→←→→ 0 1 478
←←→←← 0 1 523
→→←→→ 0 1 464
←←←←← 1 1 521
←←→←← 0 1 482
