→→→→→ 1 1 1057
←←→←← 0 2 611
→→→→→ 1 1 960
←←←←← 1 1 1093
←←←←← 1 1 1000
←←←←← 1 1 1136
→→→→→ 1 1 687
→→→→→ 1 1 903
→→←→→ 0 1 1230
→→←→→ 0 1 846
←←→←← 0 1 881
→→→→→ 1 1 1024
←←←←← 1 1 781
←←→←← 0 1 824
←←←←← 1 1 794
←←←←← 1 1 810
→→←→→ 0 1 803
←←→←← 0 1 652
→→←→→ 0 1 672
→→→→→ 1 1 523
→→→→→ 1 1 636
→→←→→ 0 1 562
←←→←← 0 1 575
→→←→→ 0 1 607
→→←→→ 0 1 520
←←→←← 0 1 597
→→→→→ 1 1 531
→→←→→ 0 1 515
→→→→→ 1 1 536
→→←→→ 0 1 556
←←→←← 0 1 581
←←→←← 0 1 755
←←←←← 1 1 564
→→→→→ 1 1 584
→→←→→ 0 1 514
→→←→→ 0 1 604
←←→←← 0 1 423
←←→←← 0 1 526
←←→←← 0 1 476
→→→→→ 1 1 475
→→→→→ 1 1 446
→→→→→ 1 1 451
←←→←← 0 1 420
→→←→→ 0 1 491
←←←←← 1 1 521
←←←←← 1 1 444
→→←→→ 0 1 438
→→←→→ 0 1 496
→→←→→ 0 1 448
←←←←← 1 1 449
←←→←← 0 1 595
→→→→→ 1 1 434
→→→→→ 1 1 415
←←→←← 0 1 477
←←←←← 1 1 488
→→←→→ 0 1 440
→→←→→ 0 1 397
←←←←← 1 1 632
→→←→→ 0 1 746
←←→←← 0 1 496
←←→←← 0 1 455
→→→→→ 1 1 439
→→←→→ 0 1 521
←←←←← 1 1 512
→→←→→ 0 1 545
→→→→→ 1 1 473
→→→→→ 1 1 489
←←→←← 0 1 401
→→←→→ 0 1 430
→→→→→ 1 1 466
→→→→→ 1 1 471
→→←→→ 0 1 469
←←←←← 1 1 436
←←→←← 0 1 427
←←→←← 0 1 447
←←←←← 1 1 417
←←←←← 1 1 408
←←←←← 1 1 408
←←→←← 0 1 498
←←←←← 1 1 553
→→→→→ 1 1 469
→→→→→ 1 1 432
←←←←← 1 1 466
←←→←← 0 1 449
→→→→→ 1 1 461
→→←→→ 0 1 545
←←→←← 0 1 470
←←←←← 1 1 439
←←←←← 1 1 619
←←←←← 1 1 564
→→→→→ 1 1 402
←←←←← 1 1 453
→→←→→ 0 1 438
←←→←← 0 1 513
←←→←← 0 1 407
→→→→→ 1 1 471
←←←←← 1 1 391
←←→←← 0 1 438
←←←←← 1 1 409
→→←→→ 0 1 478
