→→←→→ 0 3 2000
←←→←← 0 1 846
←←→←← 0 1 672
←←←←← 1 1 548
→→←→→ 0 1 720
→→→→→ 1 1 452
→→←→→ 0 1 433
←←→←← 0 1 509
→→→→→ 1 1 500
←←→←← 0 1 405
→→←→→ 0 1 450
→→←→→ 0 1 459
→→→→→ 1 1 464
→→→→→ 1 1 381
→→→→→ 1 1 376
←←←←← 1 1 439
→→→→→ 1 1 377
→→→→→ 1 2 366
←←←←← 1 1 492
←←→←← 0 1 532
→→←→→ 0 1 343
→→←→→ 0 1 482
→→→→→ 1 1 445
→→→→→ 1 1 409
←←←←← 1 1 376
←←←←← 1 1 371
→→→→→ 1 1 444
←←←←← 1 1 411
←←→←← 0 1 447
←←→←← 0 1 477
→→←→→ 0 1 401
→→→→→ 1 1 407
→→←→→ 0 1 365
←←←←← 1 1 421
→→→→→ 1 1 397
→→←→→ 0 1 419
→→→→→ 1 1 459
←←←←← 1 1 350
→→→→→ 1 1 345
→→←→→ 0 1 341
←←→←← 0 1 355
←←←←← 1 1 321
←←→←← 0 1 335
←←→←← 0 2 368
←←←←← 1 2 373
←←→←← 0 1 484
←←→←← 0 1 387
←←→←← 0 1 392
→→←→→ 0 1 453
→→←→→ 0 1 595
→→←→→ 0 1 449
→→←→→ 0 1 435
→→←→→ 0 1 451
←←←←← 1 1 408
→→→→→ 1 1 523
←←←←← 1 1 412
→→←→→ 0 1 390
←←→←← 0 1 452
←←→←← 0 2 864
←←←←← 1 1 459
→→→→→ 1 1 440
←←←←← 1 1 465
→→←→→ 0 1 490
←←←←← 1 1 345
←←→←← 0 1 454
→→→→→ 1 1 396
→→←→→ 0 1 431
→→←→→ 0 1 418
←←→←← 0 1 441
←←→←← 0 1 380
←←←←← 1 1 435
←←→←← 0 1 372
←←→←← 0 1 439
←←←←← 1 1 409
←←→←← 0 1 410
→→←→→ 0 1 386
→→→→→ 1 1 422
←←←←← 1 1 451
←←→←← 0 1 379
→→←→→ 0 1 403
←←←←← 1 1 421
→→←→→ 0 1 422
←←→←← 0 1 459
→→←→→ 0 1 333
→→→→→ 1 1 438
←←→←← 0 1 429
←←←←← 1 1 392
→→→→→ 1 1 389
→→→→→ 1 1 501
←←←←← 1 1 408
←←←←← 1 1 458
→→←→→ 0 1 405
←←←←← 1 1 387
→→→→→ 1 1 443
←←←←← 1 1 371
←←←←← 1 1 364
→→→→→ 1 1 428
→→→→→ 1 1 388
→→→→→ 1 1 371
←←→←← 0 1 326
