→→→→→ 1 3 2000
←←→←← 0 1 1212
→→→→→ 1 1 577
←←←←← 1 1 423
←←→←← 0 1 397
→→→→→ 1 1 506
→→→→→ 1 1 411
→→←→→ 0 1 479
←←→←← 0 1 382
←←←←← 1 1 362
←←←←← 1 1 440
←←←←← 1 1 382
→→→→→ 1 1 451
←←→←← 0 1 580
→→←→→ 0 1 379
→→←→→ 0 1 469
←←←←← 1 1 386
←←→←← 0 1 434
→→←→→ 0 1 393
←←←←← 1 1 419
←←←←← 1 1 408
→→→→→ 1 1 397
←←→←← 0 1 442
→→←→→ 0 1 479
→→←→→ 0 1 462
→→←→→ 0 1 424
←←→←← 0 1 503
→→→→→ 1 1 388
→→←→→ 0 1 295
←←←←← 1 1 419
←←→←← 0 1 316
→→→→→ 1 1 360
←←←←← 1 1 428
←←→←← 0 1 472
→→→→→ 1 1 411
→→←→→ 0 1 425
→→←→→ 0 1 468
←←←←← 1 1 459
←←←←← 1 1 425
←←→←← 0 1 384
→→←→→ 0 1 385
→→←→→ 0 1 424
←←→←← 0 1 446
→→→→→ 1 1 399
→→←→→ 0 1 392
→→→→→ 1 1 335
←←→←← 0 2 318
←←→←← 0 1 1332
←←→←← 0 1 458
←←←←← 1 1 635
→→←→→ 0 1 521
→→←→→ 0 1 510
→→→→→ 1 1 541
→→←→→ 0 1 440
←←→←← 0 1 499
←←←←← 1 1 392
←←→←← 0 1 488
→→→→→ 1 1 512
←←→←← 0 1 409
←←←←← 1 1 435
←←→←← 0 1 406
→→←→→ 0 1 432
←←←←← 1 1 567
→→←→→ 0 1 412
←←→←← 0 1 421
←←←←← 1 1 418
→→→→→ 1 1 455
→→←→→ 0 1 391
→→→→→ 1 1 421
→→→→→ 1 1 377
←←←←← 1 1 443
←←←←← 1 1 434
→→←→→ 0 1 474
→→→→→ 1 1 441
←←←←← 1 1 406
←←→←← 0 1 421
→→→→→ 1 1 433
→→←→→ 0 1 484
→→←→→ 0 1 439
→→→→→ 1 1 491
←←←←← 1 1 427
←←→←← 0 1 487
←←→←← 0 1 578
→→→→→ 1 1 442
←←→←← 0 1 492
→→←→→ 0 1 424
→→→→→ 1 1 426
→→→→→ 1 1 386
→→→→→ 1 1 404
→→←→→ 0 1 381
←←←←← 1 1 362
←←←←← 1 1 363
←←←←← 1 1 452
←←←←← 1 1 461
←←←←← 1 1 457
←←→←← 0 1 474
→→←→→ 0 1 469
→→→→→ 1 1 475
→→→→→ 1 1 524
←←→←← 0 1 578
