→→←→→ 0 3 2000
←←→←← 0 1 724
→→←→→ 0 1 603
←←→←← 0 1 569
←←←←← 1 1 488
→→→→→ 1 1 572
→→←→→ 0 1 623
→→←→→ 0 1 497
→→←→→ 0 1 540
←←→←← 0 1 585
←←→←← 0 1 463
→→→→→ 1 1 459
→→←→→ 0 1 486
→→→→→ 1 1 529
←←→←← 0 1 499
←←←←← 1 1 409
→→→→→ 1 1 454
→→→→→ 1 1 386
←←→←← 0 1 459
→→→→→ 1 1 395
←←←←← 1 1 432
→→→→→ 1 1 404
←←→←← 0 1 448
←←←←← 1 1 448
←←→←← 0 1 379
←←←←← 1 1 565
→→←→→ 0 1 443
→→→→→ 1 1 458
←←→←← 0 1 361
→→→→→ 1 1 404
→→←→→ 0 1 396
←←←←← 1 1 376
←←←←← 1 1 392
←←←←← 1 1 385
←←←←← 1 1 399
←←←←← 1 1 372
→→→→→ 1 1 393
→→←→→ 0 1 369
→→→→→ 1 1 388
→→→→→ 1 1 425
←←←←← 1 1 425
←←→←← 0 1 406
←←←←← 1 1 387
←←←←← 1 1 368
→→→→→ 1 1 416
→→→→→ 1 1 383
←←→←← 0 1 399
←←→←← 0 1 403
←←←←← 1 1 502
→→→→→ 1 1 421
→→←→→ 0 1 435
→→→→→ 1 1 451
→→←→→ 0 1 425
→→←→→ 0 1 419
→→←→→ 0 1 418
←←→←← 0 1 446
→→→→→ 1 1 430
←←←←← 1 1 409
→→→→→ 1 1 421
→→←→→ 0 1 471
←←→←← 0 1 438
→→→→→ 1 1 408
←←←←← 1 1 407
←←←←← 1 1 371
←←→←← 0 1 580
←←←←← 1 1 470
→→←→→ 0 1 395
→→←→→ 0 1 441
→→→→→ 1 2 469
←←→←← 0 1 562
←←←←← 1 1 397
→→←→→ 0 1 414
←←→←← 0 2 352
→→←→→ 0 1 527
←←←←← 1 1 385
→→←→→ 0 1 373
←←←←← 1 1 383
←←→←← 0 1 517
→→←→→ 0 1 466
→→→→→ 1 1 398
←←→←← 0 1 388
→→→→→ 1 1 358
←←←←← 1 1 444
←←←←← 1 1 389
→→→→→ 1 1 372
→→←→→ 0 2 411
←←←←← 1 1 408
←←→←← 0 1 479
←←→←← 0 1 440
←←→←← 0 1 428
→→←→→ 0 1 408
→→→→→ 1 1 412
←←→←← 0 1 467
←←→←← 0 1 431
→→←→→ 0 1 458
→→→→→ 1 1 425
→→←→→ 0 1 436
←←←←← 1 1 397
→→←→→ 0 1 419
←←→←← 0 1 499
