→→←→→ 0 3 2000
→→→→→ 1 1 1168
→→→→→ 1 1 748
→→→→→ 1 1 494
→→←→→ 0 1 496
←←→←← 0 1 540
→→←→→ 0 1 559
→→→→→ 1 1 612
→→→→→ 1 1 428
→→→→→ 1 1 438
←←←←← 1 1 575
←←→←← 0 1 514
←←←←← 1 1 480
←←→←← 0 1 506
←←←←← 1 1 532
→→←→→ 0 1 419
→→←→→ 0 1 495
←←←←← 1 1 402
→→←→→ 0 1 414
→→→→→ 1 1 408
←←←←← 1 1 514
←←→←← 0 1 537
←←→←← 0 1 383
←←←←← 1 1 502
→→←→→ 0 1 486
←←→←← 0 1 726
→→→→→ 1 1 428
→→←→→ 0 1 414
→→←→→ 0 1 379
←←←←← 1 1 396
→→→→→ 1 1 372
←←←←← 1 1 402
←←→←← 0 1 492
←←←←← 1 1 478
→→→→→ 1 1 441
←←←←← 1 1 443
→→←→→ 0 1 410
→→→→→ 1 1 445
→→→→→ 1 1 480
←←→←← 0 1 476
←←←←← 1 1 526
→→←→→ 0 1 428
←←←←← 1 1 473
→→←→→ 0 1 481
←←←←← 1 1 408
←←→←← 0 1 381
←←←←← 1 1 408
←←→←← 0 1 654
←←←←← 1 1 461
←←←←← 1 1 426
←←←←← 1 1 405
←←→←← 0 1 563
→→→→→ 1 1 421
→→←→→ 0 1 449
←←→←← 0 1 442
→→←→→ 0 1 538
→→←→→ 0 1 534
→→→→→ 1 1 455
→→←→→ 0 1 431
→→←→→ 0 1 337
←←←←← 1 1 352
→→←→→ 0 1 332
→→→→→ 1 1 541
←←←←← 1 1 478
→→←→→ 0 2 376
→→→→→ 1 1 487
←←←←← 1 1 706
→→←→→ 0 1 580
←←→←← 0 1 653
←←→←← 0 1 492
→→→→→ 1 1 390
←←→←← 0 1 414
→→→→→ 1 1 426
→→←→→ 0 1 438
→→→→→ 1 1 490
→→←→→ 0 1 396
←←→←← 0 1 430
←←←←← 1 1 407
←←←←← 1 1 415
←←→←← 0 1 469
→→→→→ 1 1 511
←←→←← 0 1 498
→→→→→ 1 1 459
←←→←← 0 1 529
→→→→→ 1 1 401
→→←→→ 0 1 565
←←←←← 1 1 399
←←←←← 1 1 565
→→←→→ 0 1 628
←←→←← 0 1 461
←←→←← 0 1 466
→→←→→ 0 1 483
←←→←← 0 1 470
←←←←← 1 1 478
←←→←← 0 1 487
→→→→→ 1 1 464
→→→→→ 1 1 409
←←→←← 0 1 432
←←→←← 0 1 367
→→→→→ 1 1 451
