←←→←← 0 1 1086
←←←←← 1 1 587
→→→→→ 1 1 543
→→→→→ 1 1 558
→→→→→ 1 1 485
←←→←← 0 1 488
←←→←← 0 1 549
←←←←← 1 1 578
→→←→→ 0 1 587
→→→→→ 1 1 476
←←←←← 1 1 491
←←←←← 1 1 1574
←←→←← 0 1 535
←←←←← 1 1 1346
←←←←← 1 1 528
←←→←← 0 1 650
→→←→→ 0 1 531
→→→→→ 1 1 486
→→←→→ 0 1 501
→→←→→ 0 1 412
→→←→→ 0 1 372
→→←→→ 0 1 396
←←←←← 1 1 424
→→←→→ 0 1 411
→→→→→ 1 1 439
→→←→→ 0 1 457
←←→←← 0 1 474
←←→←← 0 1 460
→→→→→ 1 1 383
→→→→→ 1 1 405
→→←→→ 0 1 510
→→←→→ 0 1 380
→→←→→ 0 1 436
←←→←← 0 1 458
→→→→→ 1 1 401
←←→←← 0 1 416
←←←←← 1 1 437
←←←←← 1 1 444
←←←←← 1 1 410
←←←←← 1 1 414
→→→→→ 1 1 454
←←→←← 0 1 435
→→←→→ 0 1 484
→→←→→ 0 1 443
→→←→→ 0 1 420
→→←→→ 0 1 484
→→←→→ 0 1 386
→→←→→ 0 1 377
←←→←← 0 1 405
←←←←← 1 1 458
←←→←← 0 1 457
→→→→→ 1 1 445
→→←→→ 0 1 424
→→←→→ 0 1 488
←←←←← 1 1 1014
→→←→→ 0 1 498
←←←←← 1 1 413
→→→→→ 1 1 461
←←←←← 1 1 431
←←←←← 1 1 468
←←→←← 0 1 533
←←→←← 0 1 414
→→→→→ 1 1 446
←←→←← 0 1 482
←←←←← 1 1 497
←←←←← 1 1 449
←←→←← 0 1 431
→→→→→ 1 1 419
←←←←← 1 1 470
←←←←← 1 1 445
→→→→→ 1 1 446
←←←←← 1 1 421
→→→→→ 1 1 458
←←←←← 1 1 491
←←←←← 1 1 444
→→→→→ 1 1 398
→→→→→ 1 1 426
←←→←← 0 1 442
→→←→→ 0 1 497
←←→←← 0 1 460
→→→→→ 1 1 476
←←←←← 1 1 622
→→→→→ 1 1 488
→→←→→ 0 1 457
→→→→→ 1 1 424
→→←→→ 0 1 444
→→←→→ 0 1 412
→→→→→ 1 1 428
←←→←← 0 1 471
→→←→→ 0 1 472
→→→→→ 1 1 1476
←←→←← 0 1 451
→→→→→ 1 1 387
←←→←← 0 1 492
→→→→→ 1 1 396
←←→←← 0 1 456
←←→←← 0 1 408
←←→←← 0 1 408
←←←←← 1 1 381
←←→←← 0 1 426
