→→→→→ 1 1 1551
←←→←← 0 1 756
→→←→→ 0 1 524
←←→←← 0 1 467
←←→←← 0 1 487
→→→→→ 1 1 404
→→←→→ 0 1 466
→→←→→ 0 1 427
→→→→→ 1 1 430
→→→→→ 1 1 377
←←←←← 1 1 439
→→←→→ 0 1 382
→→→→→ 1 1 425
→→→→→ 1 1 361
→→→→→ 1 1 354
←←←←← 1 1 397
→→→→→ 1 1 381
→→→→→ 1 1 395
←←→←← 0 1 427
→→→→→ 1 1 390
←←→←← 0 1 406
←←←←← 1 1 438
→→←→→ 0 1 406
→→←→→ 0 1 410
←←→←← 0 1 414
→→←→→ 0 1 413
→→←→→ 0 1 387
←←←←← 1 1 390
→→→→→ 1 1 434
←←←←← 1 1 392
→→←→→ 0 1 383
←←←←← 1 1 373
→→→→→ 1 1 409
←←→←← 0 1 396
→→→→→ 1 1 369
←←←←← 1 1 413
←←←←← 1 1 348
→→→→→ 1 1 392
←←→←← 0 1 315
→→→→→ 1 1 345
→→←→→ 0 1 414
←←→←← 0 1 360
→→←→→ 0 1 363
←←→←← 0 1 453
→→←→→ 0 1 425
←←→←← 0 1 348
←←←←← 1 1 371
←←→←← 0 1 354
→→→→→ 1 1 333
←←←←← 1 1 361
→→←→→ 0 1 301
←←←←← 1 1 342
→→←→→ 0 1 328
→→←→→ 0 1 353
→→←→→ 0 1 353
→→←→→ 0 1 322
←←→←← 0 1 383
→→←→→ 0 1 465
←←←←← 1 1 486
←←→←← 0 1 383
→→←→→ 0 1 357
→→←→→ 0 1 352
←←←←← 1 1 344
←←→←← 0 1 389
→→←→→ 0 1 364
←←←←← 1 1 347
→→←→→ 0 1 290
←←→←← 0 1 377
←←←←← 1 1 359
←←←←← 1 1 349
←←←←← 1 1 336
→→→→→ 1 2 250
←←←←← 1 1 471
←←←←← 1 1 382
←←←←← 1 1 338
←←→←← 0 1 400
→→→→→ 1 1 440
←←←←← 1 1 390
←←→←← 0 1 374
→→→→→ 1 1 366
→→←→→ 0 1 402
←←←←← 1 1 392
←←←←← 1 1 366
←←←←← 1 1 330
→→→→→ 1 1 393
→→→→→ 1 1 334
←←→←← 0 1 366
←←→←← 0 1 351
←←→←← 0 1 360
→→→→→ 1 1 348
→→←→→ 0 1 427
←←→←← 0 1 374
→→→→→ 1 1 337
→→→→→ 1 1 338
←←→←← 0 1 444
←←←←← 1 1 464
←←→←← 0 1 371
→→→→→ 1 1 358
←←→←← 0 2 456
→→←→→ 0 1 575
