←←→←← 0 1 1813
→→→→→ 1 1 564
←←→←← 0 1 671
←←←←← 1 1 438
→→←→→ 0 1 434
→→→→→ 1 1 494
←←→←← 0 1 543
←←←←← 1 1 506
→→→→→ 1 1 437
→→→→→ 1 1 415
←←←←← 1 1 465
←←←←← 1 1 357
←←→←← 0 1 442
→→←→→ 0 1 484
→→→→→ 1 1 360
←←←←← 1 1 539
←←→←← 0 1 365
←←←←← 1 1 418
←←←←← 1 1 425
→→←→→ 0 1 530
→→→→→ 1 1 429
→→←→→ 0 1 503
→→→→→ 1 1 394
→→→→→ 1 1 434
←←←←← 1 1 548
←←←←← 1 1 587
←←→←← 0 1 485
→→←→→ 0 1 568
←←←←← 1 1 478
←←←←← 1 1 409
→→→→→ 1 1 535
→→→→→ 1 1 422
←←→←← 0 1 569
→→←→→ 0 1 603
→→→→→ 1 1 487
←←→←← 0 1 535
←←→←← 0 1 571
←←←←← 1 1 526
←←→←← 0 1 653
←←←←← 1 1 799
→→→→→ 1 1 575
→→←→→ 0 1 540
→→←→→ 0 1 620
←←→←← 0 1 517
←←→←← 0 1 599
→→→→→ 1 1 343
→→←→→ 0 1 483
→→←→→ 0 1 414
→→→→→ 1 1 368
→→→→→ 1 1 372
→→←→→ 0 1 470
←←→←← 0 1 449
→→→→→ 1 1 395
→→←→→ 0 1 559
←←→←← 0 1 516
→→→→→ 1 1 438
←←←←← 1 1 442
←←→←← 0 1 407
←←←←← 1 1 431
→→→→→ 1 1 347
←←←←← 1 1 367
←←←←← 1 1 449
→→←→→ 0 1 728
←←←←← 1 1 393
→→→→→ 1 1 407
←←→←← 0 1 423
←←←←← 1 1 465
→→←→→ 0 1 525
→→→→→ 1 1 470
→→←→→ 0 1 428
←←→←← 0 1 420
→→←→→ 0 1 385
←←←←← 1 1 425
←←→←← 0 1 490
→→←→→ 0 1 452
←←→←← 0 1 391
←←←←← 1 1 387
→→←→→ 0 1 485
→→→→→ 1 1 396
←←→←← 0 1 492
←←←←← 1 1 769
←←→←← 0 1 518
←←←←← 1 1 437
←←←←← 1 1 360
→→←→→ 0 1 606
←←→←← 0 1 445
→→←→→ 0 1 454
→→←→→ 0 1 519
→→→→→ 1 1 432
→→←→→ 0 1 606
→→←→→ 0 1 480
→→→→→ 1 1 708
→→←→→ 0 1 626
←←←←← 1 1 522
→→→→→ 1 1 513
←←→←← 0 1 731
←←→←← 0 1 533
←←→←← 0 1 634
→→←→→ 0 1 631
→→→→→ 1 1 456
