←←←←← 1 1 1022
←←→←← 0 1 605
→→→→→ 1 1 412
→→←→→ 0 1 422
→→→→→ 1 1 601
→→←→→ 0 1 426
←←←←← 1 1 405
→→←→→ 0 1 407
→→→→→ 1 1 355
←←→←← 0 1 432
←←→←← 0 1 367
→→←→→ 0 1 382
←←←←← 1 1 354
→→←→→ 0 1 371
→→←→→ 0 1 384
→→→→→ 1 1 381
←←→←← 0 1 369
←←←←← 1 1 385
→→→→→ 1 1 348
←←←←← 1 1 350
→→←→→ 0 1 377
←←←←← 1 1 340
←←→←← 0 1 396
←←→←← 0 1 355
←←→←← 0 1 392
←←→←← 0 1 363
←←→←← 0 1 387
←←←←← 1 1 270
←←→←← 0 1 353
→→→→→ 1 1 319
←←←←← 1 1 410
←←←←← 1 1 312
←←→←← 0 1 408
←←→←← 0 1 550
←←→←← 0 1 478
←←←←← 1 1 336
→→←→→ 0 1 477
→→→→→ 1 1 376
←←←←← 1 1 523
←←→←← 0 1 431
→→←→→ 0 1 377
→→←→→ 0 1 391
←←→←← 0 1 368
→→→→→ 1 1 366
←←←←← 1 1 360
→→→→→ 1 1 384
←←→←← 0 1 374
→→→→→ 1 1 305
←←←←← 1 1 371
→→→→→ 1 1 365
←←←←← 1 1 361
→→→→→ 1 1 352
→→→→→ 1 1 328
→→→→→ 1 1 344
←←←←← 1 1 363
←←→←← 0 1 362
→→→→→ 1 1 328
→→←→→ 0 1 381
→→→→→ 1 1 347
→→→→→ 1 1 351
→→←→→ 0 1 377
←←→←← 0 1 396
→→→→→ 1 1 341
→→←→→ 0 1 377
→→→→→ 1 1 330
←←←←← 1 1 355
→→←→→ 0 1 418
←←→←← 0 1 365
→→←→→ 0 1 374
→→←→→ 0 1 388
←←←←← 1 1 354
←←←←← 1 1 326
←←←←← 1 1 318
←←→←← 0 1 273
←←→←← 0 1 313
→→→→→ 1 1 389
←←→←← 0 1 389
→→←→→ 0 1 381
←←→←← 0 1 385
→→←→→ 0 1 324
←←←←← 1 1 308
→→→→→ 1 1 322
←←←←← 1 1 365
←←←←← 1 1 338
←←→←← 0 1 395
→→←→→ 0 1 401
→→←→→ 0 1 379
→→←→→ 0 1 371
→→→→→ 1 1 394
←←←←← 1 1 357
→→←→→ 0 1 362
→→←→→ 0 1 352
←←←←← 1 1 378
→→←→→ 0 1 442
→→←→→ 0 1 385
→→→→→ 1 1 418
→→→→→ 1 1 390
←←→←← 0 1 359
←←←←← 1 1 370
→→→→→ 1 1 390
