→→←→→ 0 3 2000
←←←←← 1 1 611
→→→→→ 1 1 579
→→→→→ 1 1 558
←←←←← 1 1 456
→→→→→ 1 1 483
→→←→→ 0 1 517
→→←→→ 0 1 543
→→→→→ 1 1 493
←←→←← 0 1 727
→→←→→ 0 1 469
←←←←← 1 1 515
→→←→→ 0 1 521
→→→→→ 1 1 463
←←←←← 1 1 484
←←→←← 0 1 457
→→←→→ 0 1 431
←←←←← 1 2 424
→→→→→ 1 1 575
←←→←← 0 1 457
←←→←← 0 1 430
→→→→→ 1 1 442
→→→→→ 1 1 421
←←→←← 0 1 471
→→→→→ 1 1 427
→→→→→ 1 1 424
→→←→→ 0 1 496
→→→→→ 1 1 465
←←←←← 1 1 455
←←→←← 0 1 449
→→←→→ 0 1 478
←←←←← 1 1 490
→→→→→ 1 1 472
←←→←← 0 1 533
←←→←← 0 1 464
→→←→→ 0 1 468
→→←→→ 0 1 485
→→→→→ 1 1 439
→→→→→ 1 1 506
→→→→→ 1 1 506
←←←←← 1 1 488
←←→←← 0 1 460
→→←→→ 0 1 446
→→→→→ 1 1 399
→→←→→ 0 1 416
→→→→→ 1 1 398
←←→←← 0 1 461
←←←←← 1 1 399
←←→←← 0 1 415
→→←→→ 0 1 431
→→←→→ 0 1 443
←←→←← 0 1 386
←←→←← 0 1 432
←←←←← 1 1 378
→→←→→ 0 1 430
←←←←← 1 1 439
→→→→→ 1 1 434
←←→←← 0 1 352
←←←←← 1 1 389
←←→←← 0 1 430
←←→←← 0 1 629
→→→→→ 1 1 390
←←←←← 1 1 506
→→←→→ 0 1 427
←←←←← 1 1 443
←←→←← 0 1 521
←←→←← 0 1 456
←←→←← 0 1 386
→→→→→ 1 1 461
→→→→→ 1 1 398
→→←→→ 0 1 480
←←←←← 1 1 406
→→←→→ 0 1 397
→→←→→ 0 1 462
→→←→→ 0 1 459
→→→→→ 1 1 408
←←→←← 0 1 394
←←←←← 1 1 367
←←→←← 0 1 451
→→←→→ 0 1 439
←←←←← 1 1 440
←←←←← 1 1 430
→→←→→ 0 1 449
←←→←← 0 1 456
←←→←← 0 1 497
→→←→→ 0 1 484
→→→→→ 1 1 456
→→→→→ 1 1 379
←←←←← 1 1 511
←←←←← 1 1 460
←←←←← 1 1 432
→→←→→ 0 1 435
→→→→→ 1 1 370
←←←←← 1 1 412
→→←→→ 0 1 477
←←→←← 0 1 445
←←←←← 1 1 406
←←←←← 1 1 446
←←←←← 1 1 404
←←→←← 0 1 407
