→→←→→ 0 1 1333
→→→→→ 1 1 854
→→←→→ 0 1 498
→→→→→ 1 1 535
→→←→→ 0 1 474
←←←←← 1 1 620
→→←→→ 0 1 535
→→←→→ 0 1 504
←←→←← 0 1 501
→→←→→ 0 1 697
→→→→→ 1 1 491
←←→←← 0 1 500
←←→←← 0 1 510
←←→←← 0 1 484
←←→←← 0 1 514
→→←→→ 0 1 495
←←→←← 0 1 525
→→←→→ 0 1 450
←←←←← 1 1 535
→→→→→ 1 1 444
→→←→→ 0 1 457
→→→→→ 1 1 447
←←←←← 1 1 446
→→←→→ 0 1 483
←←←←← 1 2 588
→→→→→ 1 1 838
←←←←← 1 1 446
→→→→→ 1 1 487
←←→←← 0 1 510
←←→←← 0 1 496
→→→→→ 1 1 480
←←→←← 0 1 498
←←→←← 0 1 441
→→→→→ 1 1 437
→→←→→ 0 1 532
→→→→→ 1 1 589
←←→←← 0 1 526
←←→←← 0 1 472
→→←→→ 0 1 489
←←→←← 0 1 457
←←←←← 1 1 478
→→←→→ 0 1 523
←←←←← 1 1 445
←←→←← 0 1 492
→→→→→ 1 1 478
→→→→→ 1 1 482
←←←←← 1 1 471
→→→→→ 1 1 519
←←→←← 0 1 532
→→→→→ 1 1 429
←←→←← 0 1 556
←←←←← 1 1 470
←←→←← 0 1 861
→→←→→ 0 1 543
→→→→→ 1 1 511
→→→→→ 1 1 527
←←→←← 0 1 533
←←←←← 1 1 477
←←←←← 1 1 461
→→←→→ 0 1 436
←←←←← 1 1 384
←←←←← 1 1 405
←←→←← 0 1 493
→→→→→ 1 1 353
→→←→→ 0 1 460
→→←→→ 0 1 470
←←←←← 1 1 504
←←←←← 1 1 463
→→→→→ 1 1 483
←←←←← 1 1 479
→→←→→ 0 1 518
←←←←← 1 1 449
←←←←← 1 1 428
→→→→→ 1 1 468
→→→→→ 1 1 396
←←→←← 0 1 584
→→→→→ 1 1 360
→→←→→ 0 1 481
→→←→→ 0 1 385
←←←←← 1 1 405
←←→←← 0 1 448
←←→←← 0 1 451
←←←←← 1 1 447
←←→←← 0 1 450
→→→→→ 1 1 406
←←→←← 0 1 539
←←←←← 1 1 432
→→→→→ 1 1 471
←←←←← 1 1 438
→→→→→ 1 1 534
→→←→→ 0 1 435
←←→←← 0 1 436
→→←→→ 0 1 595
←←←←← 1 1 396
→→←→→ 0 1 534
←←←←← 1 1 964
←←←←← 1 1 495
→→←→→ 0 1 448
→→→→→ 1 1 473
→→←→→ 0 1 492
