→→→→→ 1 3 2000
→→→→→ 1 1 749
→→→→→ 1 1 506
←←←←← 1 1 562
→→→→→ 1 1 439
←←←←← 1 1 495
←←→←← 0 1 730
→→→→→ 1 1 539
←←→←← 0 1 451
→→←→→ 0 1 589
←←←←← 1 1 426
←←→←← 0 1 442
→→→→→ 1 1 399
→→→→→ 1 1 390
→→←→→ 0 1 512
→→←→→ 0 1 444
←←←←← 1 1 402
←←→←← 0 1 415
←←→←← 0 1 385
←←←←← 1 1 480
←←→←← 0 1 407
→→→→→ 1 1 378
→→←→→ 0 1 458
←←←←← 1 1 391
←←←←← 1 1 401
←←→←← 0 1 409
←←←←← 1 1 399
→→←→→ 0 1 451
→→←→→ 0 2 446
←←→←← 0 1 612
←←→←← 0 1 456
→→←→→ 0 1 428
→→←→→ 0 1 459
→→→→→ 1 1 420
←←←←← 1 1 567
→→←→→ 0 1 481
→→←→→ 0 1 461
→→→→→ 1 1 536
→→→→→ 1 1 411
→→←→→ 0 1 421
←←→←← 0 1 403
→→←→→ 0 1 375
←←→←← 0 1 375
→→←→→ 0 1 419
→→→→→ 1 1 357
→→→→→ 1 1 366
←←←←← 1 1 382
→→←→→ 0 1 408
←←→←← 0 1 423
→→→→→ 1 1 348
→→←→→ 0 1 406
→→→→→ 1 2 340
→→→→→ 1 1 1219
→→→→→ 1 1 378
←←→←← 0 1 471
←←←←← 1 1 446
→→→→→ 1 1 510
←←←←← 1 1 430
←←←←← 1 1 477
→→←→→ 0 1 519
←←→←← 0 1 443
→→→→→ 1 1 788
→→→→→ 1 1 398
←←←←← 1 1 398
←←←←← 1 1 395
←←→←← 0 1 426
←←←←← 1 1 412
←←←←← 1 1 402
←←←←← 1 1 343
←←←←← 1 1 310
←←→←← 0 1 439
→→→→→ 1 1 332
→→→→→ 1 1 363
←←→←← 0 1 301
←←→←← 0 1 329
←←→←← 0 1 331
←←←←← 1 1 511
→→←→→ 0 1 460
←←→←← 0 1 533
←←←←← 1 1 579
→→←→→ 0 1 465
←←→←← 0 1 604
→→→→→ 1 1 336
←←←←← 1 1 448
←←→←← 0 1 427
←←→←← 0 1 440
→→←→→ 0 2 312
→→←→→ 0 1 578
←←←←← 1 1 439
→→←→→ 0 1 413
→→→→→ 1 1 435
→→←→→ 0 1 452
←←←←← 1 1 419
→→→→→ 1 1 444
→→←→→ 0 1 444
←←←←← 1 1 360
→→←→→ 0 1 488
←←→←← 0 1 486
→→←→→ 0 1 427
←←→←← 0 1 510
