←←→←← 0 1 1229
←←←←← 1 1 585
→→→→→ 1 1 393
←←←←← 1 1 386
→→←→→ 0 1 504
→→→→→ 1 1 411
→→→→→ 1 1 403
→→←→→ 0 1 466
←←←←← 1 1 416
→→←→→ 0 1 463
←←→←← 0 1 418
←←→←← 0 1 444
←←←←← 1 1 373
←←←←← 1 1 419
←←←←← 1 1 449
←←→←← 0 1 359
→→←→→ 0 1 338
←←←←← 1 1 399
←←→←← 0 1 402
→→→→→ 1 1 393
→→→→→ 1 1 432
→→←→→ 0 1 391
←←→←← 0 1 431
→→→→→ 1 1 441
←←→←← 0 1 409
→→←→→ 0 1 418
←←←←← 1 1 369
←←←←← 1 1 355
→→→→→ 1 1 613
→→→→→ 1 1 491
→→→→→ 1 1 612
→→←→→ 0 1 491
←←←←← 1 1 369
→→←→→ 0 1 507
←←→←← 0 1 446
→→→→→ 1 1 605
→→←→→ 0 1 393
→→←→→ 0 1 416
→→←→→ 0 1 433
→→←→→ 0 1 419
←←←←← 1 1 443
←←←←← 1 1 516
←←→←← 0 2 415
→→←→→ 0 1 521
→→→→→ 1 1 394
→→→→→ 1 1 447
←←→←← 0 1 469
←←→←← 0 1 540
←←→←← 0 1 513
←←←←← 1 1 515
←←→←← 0 1 453
→→←→→ 0 1 529
→→→→→ 1 1 526
→→→→→ 1 1 477
→→←→→ 0 1 436
→→→→→ 1 1 384
←←←←← 1 1 417
←←→←← 0 1 416
←←←←← 1 1 353
←←→←← 0 1 462
←←→←← 0 1 469
→→←→→ 0 1 373
→→←→→ 0 1 433
→→←→→ 0 1 410
→→→→→ 1 1 412
→→←→→ 0 1 400
→→→→→ 1 1 427
←←←←← 1 1 435
→→→→→ 1 1 372
→→→→→ 1 2 301
→→←→→ 0 1 597
→→→→→ 1 1 447
←←→←← 0 1 475
→→←→→ 0 1 419
←←←←← 1 1 427
←←←←← 1 1 500
→→→→→ 1 1 397
←←→←← 0 2 419
←←←←← 1 1 405
→→→→→ 1 1 434
→→→→→ 1 1 445
→→←→→ 0 1 449
→→→→→ 1 1 406
←←←←← 1 1 446
←←→←← 0 1 390
←←→←← 0 1 454
←←←←← 1 1 451
→→←→→ 0 1 415
←←→←← 0 1 424
←←→←← 0 1 528
←←←←← 1 1 355
←←→←← 0 1 388
→→←→→ 0 1 365
←←←←← 1 1 451
←←→←← 0 1 402
←←←←← 1 1 401
→→→→→ 1 1 412
←←←←← 1 1 429
→→←→→ 0 1 447
←←→←← 0 1 461
