←←←←← 1 1 961
←←←←← 1 1 438
←←→←← 0 1 429
→→←→→ 0 1 452
→→→→→ 1 1 383
←←→←← 0 1 385
←←←←← 1 1 383
←←→←← 0 1 443
←←←←← 1 1 386
→→→→→ 1 1 347
→→←→→ 0 1 446
←←←←← 1 1 442
→→←→→ 0 2 391
→→←→→ 0 1 547
←←←←← 1 1 426
→→←→→ 0 1 464
→→←→→ 0 1 402
←←←←← 1 1 358
←←←←← 1 1 349
→→→→→ 1 1 362
→→→→→ 1 1 318
→→→→→ 1 1 411
→→←→→ 0 1 410
←←←←← 1 1 471
←←←←← 1 1 400
→→←→→ 0 1 517
←←→←← 0 1 386
→→→→→ 1 1 368
→→←→→ 0 1 417
←←→←← 0 1 383
→→→→→ 1 1 421
→→←→→ 0 1 519
←←→←← 0 1 406
←←→←← 0 1 413
→→←→→ 0 1 407
→→←→→ 0 1 409
→→←→→ 0 1 401
→→→→→ 1 1 337
←←→←← 0 1 415
←←←←← 1 1 405
→→→→→ 1 1 364
←←→←← 0 1 418
→→←→→ 0 1 371
→→←→→ 0 1 416
←←→←← 0 1 402
←←←←← 1 1 412
→→←→→ 0 1 458
←←←←← 1 1 348
←←→←← 0 1 375
→→←→→ 0 1 372
→→→→→ 1 1 359
←←←←← 1 1 373
←←←←← 1 1 362
←←→←← 0 1 393
←←→←← 0 1 432
→→→→→ 1 1 384
→→←→→ 0 1 458
←←←←← 1 1 394
→→←→→ 0 2 406
→→←→→ 0 1 429
→→→→→ 1 1 356
←←→←← 0 1 374
→→←→→ 0 1 540
←←→←← 0 1 373
←←→←← 0 1 370
←←→←← 0 1 423
→→→→→ 1 1 403
←←←←← 1 1 419
←←→←← 0 1 400
→→→→→ 1 1 373
←←←←← 1 1 404
←←←←← 1 1 374
←←→←← 0 1 398
→→→→→ 1 1 369
→→←→→ 0 1 398
→→←→→ 0 1 423
→→→→→ 1 1 345
→→→→→ 1 1 370
→→→→→ 1 1 359
→→→→→ 1 1 376
→→→→→ 1 1 342
←←←←← 1 1 396
→→←→→ 0 1 356
→→→→→ 1 1 363
←←←←← 1 1 384
→→←→→ 0 1 330
←←←←← 1 1 326
←←→←← 0 1 362
←←←←← 1 1 381
←←→←← 0 1 382
←←→←← 0 1 441
→→→→→ 1 1 340
←←←←← 1 1 378
→→→→→ 1 1 346
←←→←← 0 1 341
←←→←← 0 1 414
→→→→→ 1 1 355
←←→←← 0 1 417
←←←←← 1 1 428
→→→→→ 1 1 373
