→→←→→ 0 1 1609
←←←←← 1 1 826
←←→←← 0 1 462
←←→←← 0 1 731
←←←←← 1 1 354
→→→→→ 1 1 406
→→←→→ 0 1 434
→→→→→ 1 1 417
→→→→→ 1 1 505
→→→→→ 1 1 415
→→→→→ 1 1 554
←←→←← 0 1 642
←←←←← 1 1 509
→→→→→ 1 1 568
→→←→→ 0 1 441
→→←→→ 0 1 462
←←←←← 1 1 409
←←←←← 1 1 379
→→←→→ 0 1 401
←←←←← 1 1 409
←←←←← 1 1 413
←←→←← 0 1 401
→→→→→ 1 1 388
→→→→→ 1 1 384
←←←←← 1 1 404
←←→←← 0 1 364
←←→←← 0 1 432
←←←←← 1 1 337
←←←←← 1 1 414
←←→←← 0 1 396
←←→←← 0 1 458
→→←→→ 0 1 401
←←←←← 1 1 398
←←←←← 1 1 372
→→→→→ 1 1 366
→→←→→ 0 1 331
→→←→→ 0 1 372
→→→→→ 1 1 368
←←→←← 0 1 371
→→←→→ 0 1 372
→→←→→ 0 1 371
→→→→→ 1 1 617
→→←→→ 0 1 355
→→→→→ 1 1 434
→→←→→ 0 1 358
→→←→→ 0 1 360
←←←←← 1 1 332
←←←←← 1 1 312
→→→→→ 1 1 370
←←→←← 0 1 370
←←←←← 1 1 390
→→←→→ 0 1 347
→→→→→ 1 1 352
←←→←← 0 1 365
→→←→→ 0 1 288
→→←→→ 0 1 386
←←→←← 0 1 359
→→←→→ 0 1 334
←←←←← 1 1 362
→→←→→ 0 1 322
←←→←← 0 1 357
←←→←← 0 1 354
→→←→→ 0 1 351
←←→←← 0 1 373
←←→←← 0 1 389
←←←←← 1 1 313
→→→→→ 1 1 373
←←→←← 0 1 417
←←←←← 1 1 327
←←→←← 0 1 339
→→→→→ 1 1 334
←←→←← 0 1 373
→→→→→ 1 1 352
→→→→→ 1 1 276
→→→→→ 1 1 282
→→→→→ 1 1 262
←←←←← 1 2 244
→→→→→ 1 1 490
→→→→→ 1 1 316
→→←→→ 0 1 372
←←←←← 1 1 344
→→→→→ 1 1 358
→→←→→ 0 1 454
→→→→→ 1 1 424
←←→←← 0 1 512
←←→←← 0 1 381
→→←→→ 0 1 428
←←←←← 1 1 394
←←→←← 0 1 424
←←→←← 0 1 364
←←←←← 1 1 349
←←→←← 0 1 361
→→←→→ 0 1 365
→→→→→ 1 1 329
←←←←← 1 1 373
→→←→→ 0 1 443
←←←←← 1 1 367
←←→←← 0 1 413
→→←→→ 0 1 559
←←←←← 1 1 315
