→→→→→ 1 1 1897
←←→←← 0 1 797
→→←→→ 0 1 520
←←←←← 1 1 545
→→←→→ 0 1 553
←←→←← 0 1 548
→→→→→ 1 1 401
→→←→→ 0 1 425
←←→←← 0 1 401
←←→←← 0 1 459
→→→→→ 1 1 415
←←←←← 1 1 447
→→→→→ 1 1 467
→→←→→ 0 1 495
→→←→→ 0 1 449
→→←→→ 0 1 481
←←←←← 1 1 459
←←→←← 0 1 506
←←←←← 1 1 442
→→→→→ 1 1 365
→→→→→ 1 1 400
←←←←← 1 1 403
→→←→→ 0 1 394
←←→←← 0 1 432
→→→→→ 1 1 360
→→→→→ 1 1 347
→→←→→ 0 1 360
→→→→→ 1 1 413
←←→←← 0 1 441
→→←→→ 0 1 389
←←→←← 0 1 398
→→→→→ 1 1 378
←←→←← 0 1 561
→→→→→ 1 1 322
←←←←← 1 1 402
←←→←← 0 1 446
→→→→→ 1 1 370
←←←←← 1 1 387
←←→←← 0 1 607
→→←→→ 0 1 457
←←→←← 0 1 367
←←←←← 1 1 470
←←→←← 0 1 353
←←←←← 1 1 316
→→→→→ 1 1 331
→→→→→ 1 1 388
←←←←← 1 1 370
→→→→→ 1 1 370
←←→←← 0 1 391
←←←←← 1 1 525
→→←→→ 0 1 429
→→←→→ 0 1 438
→→→→→ 1 1 524
→→→→→ 1 1 380
→→→→→ 1 1 355
→→→→→ 1 1 444
→→←→→ 0 1 385
→→→→→ 1 1 339
←←→←← 0 1 476
←←→←← 0 1 353
←←←←← 1 1 398
→→←→→ 0 1 372
→→→→→ 1 1 388
←←←←← 1 1 410
←←→←← 0 1 360
←←←←← 1 1 375
←←←←← 1 1 371
←←←←← 1 1 321
→→←→→ 0 2 402
→→←→→ 0 1 430
←←←←← 1 1 407
→→←→→ 0 1 541
→→←→→ 0 1 576
←←→←← 0 1 395
→→←→→ 0 1 412
←←←←← 1 1 421
←←←←← 1 1 353
→→←→→ 0 1 410
→→←→→ 0 1 421
←←→←← 0 1 421
←←→←← 0 1 368
→→→→→ 1 1 335
→→→→→ 1 1 365
→→←→→ 0 1 420
→→←→→ 0 1 424
→→←→→ 0 1 385
←←→←← 0 1 377
←←←←← 1 1 383
←←→←← 0 1 384
←←←←← 1 1 448
←←←←← 1 1 379
→→→→→ 1 1 372
←←→←← 0 1 419
←←←←← 1 1 383
→→→→→ 1 1 354
←←→←← 0 1 381
←←→←← 0 1 389
←←←←← 1 1 373
←←←←← 1 1 359
→→←→→ 0 1 420
