→→→→→ 1 3 2000
←←←←← 1 1 1070
→→←→→ 0 2 947
→→→→→ 1 1 746
←←→←← 0 1 1342
→→←→→ 0 1 735
←←←←← 1 1 661
←←→←← 0 1 599
←←→←← 0 1 657
←←→←← 0 1 511
→→←→→ 0 1 613
←←←←← 1 1 517
→→←→→ 0 1 505
→→←→→ 0 1 543
→→→→→ 1 1 613
←←←←← 1 1 633
→→→→→ 1 1 543
→→→→→ 1 1 881
→→←→→ 0 1 521
→→←→→ 0 1 523
→→←→→ 0 1 599
←←←←← 1 1 396
→→←→→ 0 1 527
→→→→→ 1 1 653
←←→←← 0 1 467
→→→→→ 1 1 469
←←←←← 1 1 547
→→→→→ 1 2 368
→→→→→ 1 1 511
→→→→→ 1 1 407
←←→←← 0 1 520
←←→←← 0 1 482
→→→→→ 1 1 382
←←→←← 0 1 419
←←←←← 1 1 586
←←←←← 1 1 438
→→→→→ 1 1 567
←←→←← 0 1 438
←←←←← 1 1 614
←←←←← 1 1 542
←←→←← 0 1 512
→→→→→ 1 1 422
→→←→→ 0 1 505
←←→←← 0 1 570
←←←←← 1 1 511
←←→←← 0 1 383
←←←←← 1 1 401
←←←←← 1 1 663
←←→←← 0 1 504
←←←←← 1 1 612
←←←←← 1 1 677
→→→→→ 1 1 561
←←←←← 1 1 751
→→←→→ 0 1 493
←←→←← 0 1 560
→→→→→ 1 1 514
←←←←← 1 1 677
←←→←← 0 1 597
→→←→→ 0 1 776
←←→←← 0 1 567
←←→←← 0 1 430
→→→→→ 1 1 454
→→←→→ 0 1 693
←←←←← 1 1 555
→→←→→ 0 1 571
→→←→→ 0 1 488
←←←←← 1 1 448
→→→→→ 1 1 569
←←→←← 0 1 515
→→←→→ 0 1 718
→→→→→ 1 1 615
→→→→→ 1 1 520
←←→←← 0 1 371
→→←→→ 0 1 673
←←←←← 1 1 453
→→←→→ 0 1 556
←←←←← 1 1 454
→→←→→ 0 1 463
←←→←← 0 1 564
→→→→→ 1 1 540
←←→←← 0 1 854
←←→←← 0 1 484
←←←←← 1 1 1014
→→→→→ 1 1 611
→→→→→ 1 1 444
→→→→→ 1 1 432
←←→←← 0 1 480
→→←→→ 0 1 570
→→→→→ 1 1 699
←←←←← 1 1 697
←←←←← 1 1 502
←←→←← 0 1 760
→→←→→ 0 1 682
→→→→→ 1 1 554
←←→←← 0 1 561
→→←→→ 0 1 578
←←←←← 1 1 440
→→←→→ 0 1 538
→→←→→ 0 1 484
→→←→→ 0 1 413
