←←→←← 0 3 2000
←←→←← 0 1 1426
←←←←← 1 1 1003
←←←←← 1 1 688
←←←←← 1 1 591
←←→←← 0 1 710
→→→→→ 1 1 692
←←←←← 1 1 969
←←←←← 1 1 671
←←←←← 1 1 701
→→→→→ 1 1 544
→→→→→ 1 1 552
→→→→→ 1 1 647
←←→←← 0 1 649
←←→←← 0 1 738
→→←→→ 0 1 725
←←←←← 1 1 577
←←→←← 0 1 610
→→←→→ 0 1 582
→→←→→ 0 1 803
→→←→→ 0 1 597
→→→→→ 1 1 672
←←←←← 1 1 660
→→←→→ 0 1 596
→→→→→ 1 1 575
→→←→→ 0 1 561
←←→←← 0 1 652
→→→→→ 1 1 691
←←→←← 0 1 990
←←←←← 1 1 599
→→←→→ 0 1 565
←←→←← 0 1 594
→→→→→ 1 1 588
→→←→→ 0 1 537
→→→→→ 1 1 498
←←←←← 1 1 470
→→→→→ 1 1 481
→→→→→ 1 1 538
→→←→→ 0 1 471
←←→←← 0 1 591
←←→←← 0 1 597
←←←←← 1 1 662
←←←←← 1 1 570
→→→→→ 1 1 580
→→→→→ 1 1 756
←←→←← 0 1 571
→→←→→ 0 1 769
←←→←← 0 1 527
→→→→→ 1 1 537
←←→←← 0 1 510
→→→→→ 1 1 462
←←←←← 1 1 627
←←→←← 0 1 569
→→←→→ 0 1 461
←←→←← 0 1 450
←←←←← 1 1 534
→→←→→ 0 1 528
→→←→→ 0 1 480
→→←→→ 0 1 494
→→→→→ 1 1 521
←←→←← 0 1 456
→→←→→ 0 1 509
→→→→→ 1 1 448
→→→→→ 1 1 495
→→←→→ 0 1 451
←←→←← 0 1 562
←←←←← 1 1 486
←←→←← 0 1 517
←←←←← 1 1 458
→→→→→ 1 1 494
←←←←← 1 1 463
←←←←← 1 1 541
→→←→→ 0 1 493
←←←←← 1 1 557
→→→→→ 1 1 481
→→→→→ 1 1 518
←←→←← 0 1 606
→→→→→ 1 1 504
→→←→→ 0 1 577
←←→←← 0 1 468
←←←←← 1 1 507
→→←→→ 0 1 726
←←←←← 1 1 439
→→←→→ 0 1 608
→→←→→ 0 1 518
←←→←← 0 1 558
→→→→→ 1 1 779
←←←←← 1 1 563
→→→→→ 1 1 480
→→→→→ 1 1 529
→→←→→ 0 1 508
→→←→→ 0 1 506
←←←←← 1 1 481
→→←→→ 0 1 491
←←←←← 1 1 452
→→←→→ 0 1 475
←←→←← 0 1 482
←←→←← 0 1 534
←←←←← 1 1 513
←←→←← 0 1 450
