→→←→→ 0 1 1850
←←←←← 1 1 889
←←→←← 0 1 509
←←←←← 1 1 581
→→←→→ 0 1 472
←←→←← 0 1 509
←←←←← 1 1 479
←←←←← 1 1 458
→→→→→ 1 1 495
←←→←← 0 1 490
→→→→→ 1 1 407
→→←→→ 0 1 485
→→→→→ 1 1 475
→→→→→ 1 1 466
←←←←← 1 1 464
→→→→→ 1 1 441
←←←←← 1 1 437
→→→→→ 1 1 424
→→→→→ 1 1 413
→→←→→ 0 1 437
←←←←← 1 1 402
←←→←← 0 1 398
→→→→→ 1 1 369
←←→←← 0 1 432
→→←→→ 0 1 428
→→←→→ 0 1 385
→→→→→ 1 1 426
←←←←← 1 1 410
→→←→→ 0 1 449
←←←←← 1 1 354
←←←←← 1 1 403
→→→→→ 1 1 424
←←←←← 1 1 428
←←←←← 1 1 351
→→←→→ 0 1 375
→→←→→ 0 1 386
→→←→→ 0 1 328
←←←←← 1 1 348
→→←→→ 0 1 338
→→←→→ 0 1 278
→→→→→ 1 1 432
←←←←← 1 1 424
→→←→→ 0 1 393
←←→←← 0 1 464
→→←→→ 0 1 393
→→→→→ 1 1 431
→→←→→ 0 1 444
→→←→→ 0 1 426
→→→→→ 1 1 402
←←→←← 0 1 446
←←→←← 0 1 433
→→←→→ 0 1 538
→→→→→ 1 1 477
→→←→→ 0 1 468
←←←←← 1 1 433
←←→←← 0 1 420
←←→←← 0 1 412
←←→←← 0 1 376
←←→←← 0 1 352
→→←→→ 0 1 410
←←←←← 1 1 434
→→→→→ 1 1 413
←←→←← 0 1 374
→→→→→ 1 1 350
←←→←← 0 1 382
←←→←← 0 1 364
←←←←← 1 1 468
←←←←← 1 1 399
←←→←← 0 1 420
→→→→→ 1 1 419
←←←←← 1 1 457
←←←←← 1 1 374
←←→←← 0 1 404
←←←←← 1 1 415
→→→→→ 1 1 385
←←→←← 0 1 473
→→→→→ 1 1 372
←←→←← 0 1 349
→→←→→ 0 1 419
→→→→→ 1 1 481
→→←→→ 0 1 441
←←→←← 0 1 420
←←←←← 1 1 458
←←→←← 0 1 420
→→→→→ 1 1 399
→→→→→ 1 1 384
→→←→→ 0 1 412
←←→←← 0 1 458
←←←←← 1 1 411
→→←→→ 0 1 449
→→←→→ 0 1 452
←←→←← 0 1 438
→→→→→ 1 1 373
→→←→→ 0 1 444
→→→→→ 1 1 430
←←→←← 0 1 501
←←←←← 1 1 524
→→→→→ 1 1 445
←←→←← 0 1 477
←←←←← 1 1 471
