→→←→→ 0 1 1341
←←←←← 1 1 778
→→←→→ 0 1 699
→→←→→ 0 1 506
←←←←← 1 1 628
←←←←← 1 1 393
←←→←← 0 1 505
→→←→→ 0 1 561
→→←→→ 0 1 533
→→→→→ 1 1 685
←←→←← 0 1 760
→→→→→ 1 1 579
←←→←← 0 1 674
←←→←← 0 1 599
←←←←← 1 1 522
→→→→→ 1 1 687
←←←←← 1 1 530
←←←←← 1 1 761
←←→←← 0 1 511
←←←←← 1 1 822
←←→←← 0 1 507
→→←→→ 0 1 1193
→→→→→ 1 1 476
←←→←← 0 1 593
→→→→→ 1 1 561
→→→→→ 1 1 554
←←←←← 1 1 478
→→←→→ 0 2 597
→→→→→ 1 1 623
←←←←← 1 1 795
←←←←← 1 1 509
←←→←← 0 1 648
←←←←← 1 3 2000
←←→←← 0 1 780
←←→←← 0 2 695
→→←→→ 0 1 1101
←←←←← 1 1 480
←←←←← 1 1 362
→→←→→ 0 1 543
←←→←← 0 1 535
←←→←← 0 1 521
←←→←← 0 1 503
→→←→→ 0 2 723
→→←→→ 0 1 529
←←→←← 0 1 597
→→←→→ 0 1 669
←←→←← 0 1 586
←←←←← 1 2 798
→→→→→ 1 1 578
→→→→→ 1 1 554
→→←→→ 0 2 640
←←←←← 1 1 524
→→←→→ 0 1 525
←←→←← 0 1 509
←←←←← 1 1 515
→→→→→ 1 1 517
→→→→→ 1 1 504
→→←→→ 0 1 547
→→→→→ 1 1 501
→→←→→ 0 2 584
←←←←← 1 1 529
←←→←← 0 1 638
←←→←← 0 1 597
←←←←← 1 2 605
←←→←← 0 1 542
←←←←← 1 1 567
→→←→→ 0 1 505
→→→→→ 1 1 495
→→←→→ 0 1 481
→→→→→ 1 1 454
←←←←← 1 1 418
→→←→→ 0 1 454
→→→→→ 1 1 491
→→→→→ 1 1 484
←←→←← 0 1 517
→→→→→ 1 2 472
←←←←← 1 2 572
←←←←← 1 1 366
→→←→→ 0 1 582
→→→→→ 1 1 480
→→→→→ 1 2 591
→→→→→ 1 1 470
→→→→→ 1 1 352
→→←→→ 0 1 491
→→←→→ 0 1 459
←←←←← 1 1 391
←←→←← 0 1 433
←←→←← 0 1 444
→→→→→ 1 1 516
→→←→→ 0 1 572
←←←←← 1 1 430
→→→→→ 1 1 480
←←→←← 0 1 531
→→→→→ 1 1 556
→→→→→ 1 1 477
←←→←← 0 1 547
←←→←← 0 1 423
→→←→→ 0 1 554
←←←←← 1 1 808
→→←→→ 0 2 484
