←←→←← 0 3 2000
←←←←← 1 1 1010
→→←→→ 0 1 787
→→→→→ 1 1 580
→→←→→ 0 1 648
←←→←← 0 1 612
→→←→→ 0 1 625
←←←←← 1 1 549
→→←→→ 0 1 524
→→→→→ 1 1 503
←←→←← 0 1 584
→→→→→ 1 1 566
→→→→→ 1 1 581
←←→←← 0 1 586
←←←←← 1 1 576
←←→←← 0 1 510
→→→→→ 1 1 477
←←←←← 1 1 435
→→←→→ 0 1 476
→→←→→ 0 1 480
→→→→→ 1 1 512
→→→→→ 1 1 473
←←→←← 0 1 473
→→→→→ 1 1 483
←←←←← 1 1 500
←←←←← 1 1 441
←←→←← 0 1 457
→→←→→ 0 1 440
←←←←← 1 1 435
←←←←← 1 1 436
←←←←← 1 1 401
→→→→→ 1 1 455
→→←→→ 0 1 432
→→←→→ 0 1 445
←←→←← 0 1 459
→→←→→ 0 1 434
→→←→→ 0 1 426
←←←←← 1 1 401
←←←←← 1 1 431
←←→←← 0 1 446
←←→←← 0 1 451
←←←←← 1 1 446
←←→←← 0 1 431
←←←←← 1 1 427
→→→→→ 1 1 429
←←→←← 0 1 466
←←→←← 0 1 424
→→→→→ 1 1 415
←←←←← 1 1 406
←←→←← 0 1 441
→→→→→ 1 1 415
→→→→→ 1 1 442
←←←←← 1 1 443
←←→←← 0 1 421
←←→←← 0 1 430
→→→→→ 1 1 440
←←→←← 0 1 435
→→→→→ 1 1 385
→→←→→ 0 1 421
→→←→→ 0 1 400
←←←←← 1 1 339
→→→→→ 1 1 427
→→→→→ 1 1 413
→→←→→ 0 1 339
→→→→→ 1 1 371
→→←→→ 0 1 347
→→←→→ 0 2 371
←←→←← 0 1 708
←←→←← 0 1 460
←←←←← 1 1 455
←←←←← 1 1 407
→→←→→ 0 1 453
←←←←← 1 1 411
←←→←← 0 1 438
→→←→→ 0 1 478
→→→→→ 1 1 465
→→←→→ 0 1 446
→→→→→ 1 1 444
→→→→→ 1 1 452
→→→→→ 1 1 422
→→←→→ 0 1 430
←←→←← 0 1 453
←←←←← 1 1 474
→→→→→ 1 1 436
→→→→→ 1 1 439
→→→→→ 1 1 443
→→←→→ 0 1 413
←←→←← 0 1 422
→→←→→ 0 1 398
←←←←← 1 1 387
→→←→→ 0 1 417
←←←←← 1 1 368
→→←→→ 0 1 387
←←←←← 1 1 325
←←→←← 0 1 427
←←→←← 0 1 386
→→←→→ 0 1 389
←←←←← 1 1 405
←←→←← 0 1 443
←←←←← 1 1 420
