→→←→→ 0 3 2000
←←→←← 0 1 956
→→→→→ 1 1 767
←←→←← 0 1 726
→→→→→ 1 1 594
←←→←← 0 1 589
→→→→→ 1 1 541
←←←←← 1 1 541
←←←←← 1 1 474
←←→←← 0 1 483
→→→→→ 1 1 439
→→→→→ 1 1 432
→→→→→ 1 1 450
←←←←← 1 1 453
→→→→→ 1 1 487
←←←←← 1 1 375
←←→←← 0 1 344
→→←→→ 0 1 554
→→→→→ 1 1 406
←←←←← 1 1 375
→→→→→ 1 1 382
→→→→→ 1 1 465
→→→→→ 1 1 386
→→←→→ 0 1 489
←←→←← 0 1 487
←←←←← 1 1 407
→→←→→ 0 1 547
→→→→→ 1 1 401
←←→←← 0 2 406
←←←←← 1 1 547
→→←→→ 0 1 445
←←←←← 1 1 393
→→←→→ 0 1 484
→→←→→ 0 1 448
→→←→→ 0 1 435
←←←←← 1 1 395
→→←→→ 0 1 478
←←→←← 0 1 494
→→←→→ 0 1 382
←←→←← 0 2 421
→→→→→ 1 1 427
←←←←← 1 1 414
→→→→→ 1 1 380
←←→←← 0 1 502
←←←←← 1 1 405
→→←→→ 0 1 477
→→←→→ 0 1 507
→→→→→ 1 1 478
→→←→→ 0 1 439
→→→→→ 1 1 403
←←←←← 1 1 472
→→→→→ 1 1 400
←←←←← 1 1 414
←←←←← 1 1 444
→→→→→ 1 1 444
→→←→→ 0 1 424
→→←→→ 0 1 494
←←→←← 0 1 547
←←→←← 0 1 494
→→←→→ 0 1 456
←←←←← 1 1 373
→→→→→ 1 1 517
←←→←← 0 1 461
←←→←← 0 1 491
←←←←← 1 1 461
←←→←← 0 1 471
←←←←← 1 1 434
←←←←← 1 1 452
←←→←← 0 1 942
→→←→→ 0 1 414
←←→←← 0 2 441
→→←→→ 0 1 505
→→→→→ 1 1 394
→→←→→ 0 1 448
←←→←← 0 1 466
←←←←← 1 1 425
←←←←← 1 1 442
→→←→→ 0 1 483
←←→←← 0 1 534
→→→→→ 1 1 425
→→←→→ 0 1 494
←←→←← 0 1 562
←←←←← 1 1 409
←←→←← 0 1 537
→→→→→ 1 1 366
→→←→→ 0 1 439
→→→→→ 1 1 443
←←←←← 1 1 516
←←→←← 0 1 459
←←←←← 1 1 382
→→←→→ 0 1 485
→→→→→ 1 1 409
←←→←← 0 1 486
→→←→→ 0 1 431
←←←←← 1 1 457
→→←→→ 0 1 507
←←→←← 0 1 539
→→→→→ 1 2 426
←←→←← 0 1 430
←←←←← 1 1 425
