←←→←← 0 1 1298
←←←←← 1 1 592
→→→→→ 1 1 528
←←→←← 0 1 554
→→→→→ 1 1 464
←←←←← 1 1 538
→→→→→ 1 1 458
←←←←← 1 1 469
←←←←← 1 1 523
←←→←← 0 1 550
←←→←← 0 1 515
←←→←← 0 1 494
→→←→→ 0 1 505
←←←←← 1 1 455
→→→→→ 1 1 504
←←←←← 1 1 509
←←←←← 1 1 495
→→→→→ 1 1 465
←←→←← 0 1 497
←←→←← 0 1 494
→→←→→ 0 1 418
←←←←← 1 1 438
→→←→→ 0 1 534
→→→→→ 1 1 442
←←←←← 1 1 540
←←←←← 1 1 503
→→→→→ 1 1 482
→→←→→ 0 1 482
←←→←← 0 1 468
→→→→→ 1 1 493
→→←→→ 0 1 528
←←→←← 0 1 431
→→←→→ 0 1 479
←←←←← 1 1 443
→→←→→ 0 1 475
→→←→→ 0 1 401
→→←→→ 0 1 450
←←→←← 0 1 451
←←←←← 1 1 486
←←→←← 0 1 430
←←→←← 0 1 506
→→→→→ 1 1 474
←←→←← 0 1 474
→→→→→ 1 1 435
←←→←← 0 1 493
→→←→→ 0 1 478
←←→←← 0 1 477
←←←←← 1 1 495
←←→←← 0 1 457
←←←←← 1 1 410
→→←→→ 0 1 504
→→←→→ 0 1 453
←←←←← 1 1 444
→→←→→ 0 1 446
←←→←← 0 1 500
→→→→→ 1 1 391
→→→→→ 1 1 452
→→←→→ 0 1 498
←←←←← 1 1 444
→→→→→ 1 1 502
→→→→→ 1 1 447
→→←→→ 0 1 465
→→→→→ 1 1 431
→→←→→ 0 1 471
→→←→→ 0 1 521
→→←→→ 0 1 478
→→→→→ 1 1 454
←←→←← 0 1 519
←←←←← 1 1 478
←←←←← 1 1 449
→→→→→ 1 1 431
→→←→→ 0 1 469
→→→→→ 1 1 431
→→←→→ 0 1 464
←←→←← 0 1 479
←←→←← 0 1 473
←←→←← 0 1 467
←←←←← 1 1 463
←←←←← 1 1 440
←←→←← 0 1 463
←←←←← 1 1 494
→→→→→ 1 1 431
→→→→→ 1 1 473
←←←←← 1 1 516
←←→←← 0 1 460
→→←→→ 0 1 484
→→←→→ 0 1 480
→→→→→ 1 1 461
←←←←← 1 1 517
←←→←← 0 1 453
→→←→→ 0 1 497
→→→→→ 1 1 428
←←→←← 0 1 528
→→→→→ 1 1 463
←←←←← 1 1 455
→→→→→ 1 1 442
→→←→→ 0 1 436
←←←←← 1 1 462
→→→→→ 1 2 441
→→←→→ 0 1 854
