←←→←← 0 1 1749
→→←→→ 0 1 1146
→→←→→ 0 1 1039
←←←←← 1 1 1001
←←←←← 1 1 915
→→→→→ 1 1 1075
→→←→→ 0 1 1003
→→←→→ 0 1 942
←←→←← 0 1 1092
←←→←← 0 1 955
←←←←← 1 1 792
→→←→→ 0 1 875
→→→→→ 1 1 753
←←←←← 1 1 784
→→→→→ 1 1 740
→→→→→ 1 1 769
←←←←← 1 1 822
←←→←← 0 1 984
←←←←← 1 1 659
←←→←← 0 1 789
←←←←← 1 1 624
→→→→→ 1 1 594
←←←←← 1 1 557
→→→→→ 1 1 754
→→→→→ 1 1 694
←←←←← 1 1 550
→→→→→ 1 1 659
→→←→→ 0 1 916
→→←→→ 0 1 578
→→←→→ 0 1 910
→→←→→ 0 1 821
→→→→→ 1 1 614
←←←←← 1 1 601
←←←←← 1 1 588
←←←←← 1 1 520
←←→←← 0 1 895
→→→→→ 1 1 613
←←←←← 1 1 648
→→→→→ 1 1 673
←←→←← 0 1 729
←←←←← 1 1 599
→→←→→ 0 1 667
→→←→→ 0 1 739
→→→→→ 1 1 649
→→→→→ 1 1 618
→→→→→ 1 1 597
←←←←← 1 1 584
→→←→→ 0 1 1228
←←→←← 0 1 822
←←←←← 1 1 568
→→←→→ 0 1 653
←←←←← 1 1 574
←←→←← 0 1 642
→→→→→ 1 1 603
→→→→→ 1 1 574
→→→→→ 1 1 489
→→←→→ 0 1 585
←←←←← 1 1 517
←←→←← 0 1 572
←←→←← 0 1 584
→→→→→ 1 1 548
→→←→→ 0 1 617
←←→←← 0 1 604
←←←←← 1 1 583
→→→→→ 1 1 563
→→←→→ 0 1 936
→→←→→ 0 1 685
→→←→→ 0 1 686
←←←←← 1 1 542
←←→←← 0 1 603
←←→←← 0 1 742
→→→→→ 1 1 611
→→←→→ 0 1 622
←←→←← 0 1 656
→→←→→ 0 1 792
←←←←← 1 1 611
→→→→→ 1 1 598
←←→←← 0 1 658
←←←←← 1 1 610
→→←→→ 0 1 717
←←→←← 0 1 619
←←→←← 0 1 622
←←→←← 0 1 617
→→→→→ 1 1 523
←←→←← 0 1 585
←←→←← 0 1 541
←←→←← 0 1 539
←←←←← 1 1 560
←←→←← 0 1 589
←←←←← 1 1 634
→→→→→ 1 1 529
←←→←← 0 1 632
→→→→→ 1 1 577
→→→→→ 1 1 485
←←←←← 1 1 518
→→←→→ 0 1 532
→→←→→ 0 1 489
←←→←← 0 1 529
→→←→→ 0 1 560
→→←→→ 0 1 660
