→→←→→ 0 1 933
→→→→→ 1 1 583
←←→←← 0 1 575
→→←→→ 0 1 469
→→→→→ 1 1 442
←←←←← 1 1 479
←←←←← 1 1 438
→→←→→ 0 1 505
←←←←← 1 1 492
→→→→→ 1 1 401
→→←→→ 0 1 430
←←→←← 0 1 486
←←→←← 0 1 496
→→←→→ 0 1 515
←←→←← 0 1 471
→→←→→ 0 1 403
→→←→→ 0 1 405
←←←←← 1 1 494
→→←→→ 0 1 393
←←→←← 0 1 435
→→→→→ 1 1 470
→→→→→ 1 1 483
←←←←← 1 1 385
→→→→→ 1 1 495
→→←→→ 0 1 347
→→←→→ 0 1 425
→→→→→ 1 1 465
→→←→→ 0 1 351
←←→←← 0 1 379
→→→→→ 1 1 453
→→→→→ 1 1 442
→→→→→ 1 1 475
→→←→→ 0 1 389
←←←←← 1 1 407
←←→←← 0 1 419
←←←←← 1 1 374
←←→←← 0 1 383
←←←←← 1 1 366
→→←→→ 0 1 419
→→→→→ 1 1 386
←←→←← 0 1 434
←←→←← 0 1 467
←←←←← 1 1 390
→→→→→ 1 2 424
→→→→→ 1 1 483
→→→→→ 1 1 443
→→←→→ 0 1 469
→→→→→ 1 1 428
→→←→→ 0 1 484
←←←←← 1 1 611
←←→←← 0 1 618
←←→←← 0 1 486
←←→←← 0 1 534
→→→→→ 1 1 581
←←←←← 1 1 459
→→←→→ 0 1 442
→→→→→ 1 1 646
←←→←← 0 1 459
→→←→→ 0 1 510
→→←→→ 0 1 438
→→←→→ 0 1 478
←←→←← 0 1 546
←←←←← 1 1 498
→→←→→ 0 1 496
→→←→→ 0 1 573
→→→→→ 1 1 690
←←→←← 0 1 543
←←←←← 1 1 461
←←←←← 1 1 444
←←→←← 0 1 552
→→→→→ 1 1 472
→→→→→ 1 1 548
→→←→→ 0 1 534
←←←←← 1 1 494
←←→←← 0 1 541
←←→←← 0 1 506
←←→←← 0 1 528
←←←←← 1 1 453
→→←→→ 0 1 491
←←←←← 1 1 479
←←←←← 1 1 524
→→←→→ 0 1 537
→→←→→ 0 1 608
←←→←← 0 1 684
←←←←← 1 1 463
←←←←← 1 1 578
→→→→→ 1 1 771
←←→←← 0 1 479
→→→→→ 1 1 464
←←→←← 0 1 506
←←←←← 1 1 452
←←←←← 1 1 412
←←←←← 1 1 462
←←→←← 0 1 623
←←→←← 0 1 528
←←←←← 1 1 575
→→→→→ 1 1 501
←←←←← 1 1 515
→→→→→ 1 1 477
→→→→→ 1 1 471
