→→←→→ 0 1 1213
→→→→→ 1 1 1370
←←←←← 1 1 885
→→→→→ 1 1 576
→→←→→ 0 1 653
→→→→→ 1 1 619
→→←→→ 0 1 591
→→→→→ 1 1 639
→→→→→ 1 1 455
→→←→→ 0 1 535
←←→←← 0 1 476
→→→→→ 1 1 713
←←→←← 0 1 505
→→←→→ 0 1 789
→→→→→ 1 1 510
→→←→→ 0 1 667
←←→←← 0 1 733
←←→←← 0 1 582
←←→←← 0 1 570
→→→→→ 1 1 481
←←←←← 1 1 570
→→←→→ 0 1 498
→→←→→ 0 1 553
←←→←← 0 1 640
→→←→→ 0 1 589
←←→←← 0 1 887
←←→←← 0 1 564
←←←←← 1 1 603
→→→→→ 1 1 676
→→→→→ 1 1 529
←←→←← 0 1 630
←←←←← 1 1 603
←←←←← 1 1 523
→→←→→ 0 1 542
→→→→→ 1 1 511
→→→→→ 1 1 452
→→→→→ 1 1 430
←←←←← 1 1 524
→→←→→ 0 1 490
→→→→→ 1 1 449
→→←→→ 0 1 627
→→→→→ 1 1 456
→→←→→ 0 1 548
→→→→→ 1 1 531
←←→←← 0 1 536
→→←→→ 0 1 563
←←→←← 0 1 516
←←←←← 1 1 554
→→←→→ 0 1 650
→→→→→ 1 1 531
←←→←← 0 1 549
←←→←← 0 1 689
←←←←← 1 1 607
←←←←← 1 1 595
←←←←← 1 1 501
←←→←← 0 1 518
←←←←← 1 1 569
←←←←← 1 1 492
→→←→→ 0 1 583
←←→←← 0 1 588
→→←→→ 0 1 580
←←←←← 1 1 618
←←←←← 1 1 587
→→←→→ 0 1 448
→→→→→ 1 1 574
→→→→→ 1 1 641
→→←→→ 0 1 712
←←←←← 1 1 492
→→→→→ 1 1 487
←←←←← 1 1 520
←←→←← 0 1 480
←←←←← 1 1 501
←←→←← 0 1 481
→→←→→ 0 1 550
←←→←← 0 1 473
←←→←← 0 1 427
←←→←← 0 1 440
→→→→→ 1 1 442
→→←→→ 0 1 511
←←←←← 1 1 503
←←→←← 0 1 540
←←←←← 1 1 508
→→←→→ 0 1 733
→→←→→ 0 1 640
→→←→→ 0 1 479
←←→←← 0 1 495
←←→←← 0 1 435
←←←←← 1 1 580
←←←←← 1 1 503
←←→←← 0 1 480
→→→→→ 1 1 412
→→→→→ 1 1 422
←←←←← 1 1 538
←←←←← 1 1 435
←←→←← 0 1 477
←←←←← 1 1 532
→→←→→ 0 1 489
→→→→→ 1 1 499
←←←←← 1 1 533
→→→→→ 1 1 507
