→→←→→ 0 1 1817
←←←←← 1 1 731
→→←→→ 0 1 995
→→←→→ 0 1 839
←←→←← 0 1 742
←←→←← 0 1 613
→→←→→ 0 1 509
→→←→→ 0 1 510
→→←→→ 0 1 471
→→→→→ 1 1 501
→→→→→ 1 1 377
←←←←← 1 1 484
←←→←← 0 1 435
→→→→→ 1 1 459
←←←←← 1 1 453
→→←→→ 0 1 460
←←→←← 0 1 504
←←→←← 0 1 463
→→→→→ 1 1 425
→→←→→ 0 1 457
←←←←← 1 1 507
←←←←← 1 1 570
→→←→→ 0 1 432
←←←←← 1 1 450
→→←→→ 0 1 374
←←←←← 1 1 384
←←→←← 0 1 483
←←→←← 0 1 387
→→→→→ 1 1 359
←←→←← 0 1 373
→→→→→ 1 1 320
→→←→→ 0 2 335
←←→←← 0 1 520
←←→←← 0 1 416
→→→→→ 1 1 420
←←→←← 0 1 381
←←→←← 0 1 400
←←→←← 0 1 388
→→←→→ 0 1 457
→→←→→ 0 1 450
←←→←← 0 1 420
←←←←← 1 1 453
→→→→→ 1 1 487
←←←←← 1 1 480
←←→←← 0 1 424
→→→→→ 1 1 394
←←←←← 1 1 503
←←→←← 0 1 508
→→←→→ 0 1 389
→→→→→ 1 1 399
→→←→→ 0 1 449
→→←→→ 0 1 490
←←←←← 1 1 388
←←←←← 1 1 361
→→←→→ 0 1 406
←←←←← 1 1 401
→→←→→ 0 1 372
←←←←← 1 1 382
→→→→→ 1 1 533
←←←←← 1 1 448
←←←←← 1 1 396
←←→←← 0 1 712
←←←←← 1 1 422
→→→→→ 1 1 409
→→→→→ 1 1 410
←←→←← 0 1 421
→→←→→ 0 1 449
→→←→→ 0 1 404
←←→←← 0 1 445
→→→→→ 1 1 408
→→→→→ 1 1 578
←←←←← 1 1 431
←←→←← 0 1 426
→→→→→ 1 1 396
→→←→→ 0 1 438
←←→←← 0 1 394
→→→→→ 1 1 438
→→←→→ 0 1 478
←←→←← 0 1 390
←←←←← 1 1 345
←←←←← 1 2 352
→→→→→ 1 1 455
→→←→→ 0 1 405
→→→→→ 1 1 409
→→→→→ 1 1 433
←←←←← 1 1 492
←←←←← 1 1 446
←←→←← 0 1 454
→→→→→ 1 1 529
→→→→→ 1 1 455
←←→←← 0 1 519
←←←←← 1 1 732
←←←←← 1 1 431
→→→→→ 1 1 458
←←→←← 0 1 390
→→→→→ 1 1 450
→→→→→ 1 1 413
←←←←← 1 1 487
→→←→→ 0 1 471
→→←→→ 0 1 433
