→→→→→ 1 1 1293
→→←→→ 0 1 673
→→→→→ 1 1 690
→→←→→ 0 1 770
←←→←← 0 1 554
←←←←← 1 1 467
→→→→→ 1 1 415
→→→→→ 1 1 479
←←←←← 1 1 498
←←→←← 0 1 470
←←←←← 1 1 426
→→→→→ 1 1 555
←←→←← 0 1 480
→→→→→ 1 1 493
←←←←← 1 1 460
→→←→→ 0 1 430
→→←→→ 0 1 436
→→→→→ 1 1 384
←←←←← 1 1 351
←←→←← 0 1 377
→→←→→ 0 1 396
←←←←← 1 1 476
←←→←← 0 1 440
→→→→→ 1 1 413
←←→←← 0 1 461
←←→←← 0 1 400
→→←→→ 0 1 435
→→→→→ 1 1 445
→→→→→ 1 1 430
→→→→→ 1 1 440
←←→←← 0 1 449
→→←→→ 0 1 406
→→→→→ 1 1 430
→→←→→ 0 1 444
←←←←← 1 1 465
←←→←← 0 1 430
←←→←← 0 1 410
←←←←← 1 1 379
→→←→→ 0 1 374
←←←←← 1 1 358
←←→←← 0 2 307
←←→←← 0 1 515
→→←→→ 0 1 569
←←→←← 0 1 546
←←←←← 1 1 439
←←→←← 0 1 407
←←→←← 0 1 459
→→→→→ 1 1 407
→→←→→ 0 1 453
←←←←← 1 1 1437
←←←←← 1 1 436
←←←←← 1 1 382
←←←←← 1 1 355
→→←→→ 0 1 375
→→←→→ 0 1 382
→→←→→ 0 1 454
→→→→→ 1 1 686
←←←←← 1 1 421
→→←→→ 0 1 491
←←→←← 0 1 472
←←→←← 0 1 436
←←←←← 1 1 682
←←←←← 1 1 990
←←←←← 1 1 1098
→→→→→ 1 1 462
→→→→→ 1 1 749
→→←→→ 0 1 548
→→←→→ 0 1 968
←←←←← 1 1 644
→→→→→ 1 1 1018
←←←←← 1 1 887
→→←→→ 0 1 870
→→→→→ 1 1 1837
→→←→→ 0 1 783
←←→←← 0 1 816
←←→←← 0 1 741
→→←→→ 0 1 822
←←←←← 1 1 913
→→←→→ 0 1 727
←←←←← 1 1 469
←←←←← 1 1 830
→→→→→ 1 3 2000
→→→→→ 1 1 399
→→→→→ 1 1 373
→→→→→ 1 1 453
←←→←← 0 1 591
←←←←← 1 1 690
←←←←← 1 1 574
←←→←← 0 1 534
→→→→→ 1 1 359
→→←→→ 0 1 544
←←→←← 0 1 849
←←→←← 0 1 581
→→←→→ 0 1 574
→→←→→ 0 1 622
→→←→→ 0 1 849
←←→←← 0 1 1578
→→→→→ 1 1 1190
→→→→→ 1 1 1377
←←→←← 0 1 530
