→→→→→ 1 1 1359
←←→←← 0 1 1083
←←←←← 1 1 609
←←→←← 0 1 804
←←→←← 0 1 615
←←←←← 1 1 727
←←→←← 0 1 884
←←←←← 1 1 608
→→←→→ 0 1 778
→→→→→ 1 1 640
←←←←← 1 1 640
→→→→→ 1 1 1072
←←→←← 0 1 700
←←←←← 1 1 603
→→→→→ 1 1 621
→→←→→ 0 1 595
←←→←← 0 1 806
→→←→→ 0 1 627
→→→→→ 1 1 834
→→←→→ 0 1 684
→→←→→ 0 1 668
←←→←← 0 1 606
→→→→→ 1 1 566
←←←←← 1 1 562
←←→←← 0 1 633
→→→→→ 1 1 536
→→→→→ 1 1 611
←←←←← 1 1 545
←←←←← 1 1 562
→→←→→ 0 1 572
→→→→→ 1 1 560
→→←→→ 0 1 632
→→→→→ 1 1 991
→→←→→ 0 1 909
→→→→→ 1 1 761
→→←→→ 0 1 658
→→←→→ 0 1 582
→→→→→ 1 1 608
→→←→→ 0 1 705
→→←→→ 0 1 656
→→←→→ 0 1 595
←←→←← 0 1 629
←←←←← 1 1 583
←←→←← 0 1 611
←←←←← 1 1 576
←←←←← 1 1 557
←←←←← 1 1 600
→→←→→ 0 1 560
←←→←← 0 1 628
→→→→→ 1 1 673
←←←←← 1 1 656
→→←→→ 0 1 613
←←←←← 1 1 608
←←←←← 1 1 638
←←→←← 0 1 673
←←→←← 0 1 806
←←→←← 0 1 572
→→←→→ 0 1 584
←←→←← 0 1 538
←←→←← 0 1 583
←←→←← 0 1 557
→→→→→ 1 1 601
→→→→→ 1 1 557
→→→→→ 1 1 579
→→→→→ 1 1 651
→→→→→ 1 1 562
←←←←← 1 1 547
→→→→→ 1 1 650
→→→→→ 1 1 600
←←→←← 0 1 634
←←→←← 0 1 628
→→←→→ 0 1 565
←←←←← 1 1 628
←←→←← 0 1 653
←←→←← 0 1 559
←←←←← 1 1 561
→→→→→ 1 1 601
←←→←← 0 1 579
←←←←← 1 1 649
→→←→→ 0 1 716
→→←→→ 0 1 649
←←→←← 0 1 608
←←→←← 0 1 648
→→←→→ 0 1 692
→→←→→ 0 1 688
→→→→→ 1 1 820
→→←→→ 0 1 612
←←←←← 1 1 647
←←←←← 1 1 722
→→→→→ 1 1 675
←←←←← 1 1 712
←←←←← 1 1 743
←←←←← 1 1 687
→→→→→ 1 1 759
→→←→→ 0 1 794
→→←→→ 0 1 684
→→→→→ 1 1 644
←←→←← 0 1 656
←←←←← 1 1 707
→→←→→ 0 1 629
