→→→→→ 1 3 2000
←←←←← 1 3 2000
←←→←← 0 3 2000
→→→→→ 1 3 2000
→→→→→ 1 3 2000
→→←→→ 0 3 2000
←←→←← 0 2 697
→→←→→ 0 1 915
←←→←← 0 1 524
→→←→→ 0 1 558
→→←→→ 0 1 484
→→←→→ 0 1 500
←←←←← 1 1 441
→→←→→ 0 2 542
→→←→→ 0 1 553
→→←→→ 0 1 489
←←→←← 0 1 528
←←←←← 1 1 443
→→→→→ 1 1 477
→→←→→ 0 1 461
→→→→→ 1 1 472
←←←←← 1 1 525
→→←→→ 0 1 459
→→←→→ 0 1 494
←←→←← 0 2 514
→→→→→ 1 1 447
←←←←← 1 1 492
←←←←← 1 1 499
→→→→→ 1 1 613
←←→←← 0 1 698
←←→←← 0 1 545
→→←→→ 0 1 628
←←←←← 1 1 683
→→→→→ 1 1 572
←←→←← 0 1 600
←←←←← 1 1 673
←←→←← 0 1 668
→→→→→ 1 1 559
←←←←← 1 1 521
→→→→→ 1 1 494
←←←←← 1 1 526
←←←←← 1 1 468
→→→→→ 1 1 472
→→→→→ 1 1 461
←←→←← 0 1 455
←←←←← 1 1 527
←←←←← 1 1 544
←←→←← 0 1 641
→→→→→ 1 1 555
→→←→→ 0 1 563
←←→←← 0 1 495
→→→→→ 1 1 521
←←←←← 1 1 582
→→←→→ 0 1 505
→→←→→ 0 1 572
→→←→→ 0 1 506
→→←→→ 0 1 472
←←→←← 0 1 556
→→→→→ 1 1 460
←←→←← 0 1 450
→→→→→ 1 1 546
←←→←← 0 1 544
→→←→→ 0 2 535
←←→←← 0 1 515
→→→→→ 1 1 500
→→→→→ 1 1 479
→→→→→ 1 1 511
←←←←← 1 1 541
←←→←← 0 1 584
←←←←← 1 1 485
→→→→→ 1 1 627
→→←→→ 0 1 486
←←←←← 1 1 505
→→←→→ 0 1 531
→→→→→ 1 1 800
←←→←← 0 1 550
←←→←← 0 1 572
←←←←← 1 1 510
→→→→→ 1 1 553
←←←←← 1 1 664
→→←→→ 0 1 584
←←→←← 0 1 608
→→→→→ 1 1 734
←←→←← 0 1 423
←←→←← 0 1 511
→→←→→ 0 2 378
←←←←← 1 1 486
←←→←← 0 1 484
←←←←← 1 1 421
←←→←← 0 1 518
→→←→→ 0 1 537
←←←←← 1 1 436
→→←→→ 0 1 505
→→←→→ 0 1 463
→→→→→ 1 1 499
←←→←← 0 1 480
←←←←← 1 1 416
→→→→→ 1 1 446
←←←←← 1 1 417
←←←←← 1 1 463
