←←→←← 0 1 1582
←←←←← 1 1 786
→→→→→ 1 1 558
←←←←← 1 1 686
→→→→→ 1 1 579
←←←←← 1 1 565
→→→→→ 1 1 492
←←→←← 0 1 580
→→←→→ 0 1 581
→→←→→ 0 1 613
→→→→→ 1 1 534
←←→←← 0 1 681
→→←→→ 0 1 653
←←→←← 0 1 565
→→←→→ 0 1 573
←←→←← 0 1 483
→→→→→ 1 1 484
←←←←← 1 1 455
→→→→→ 1 1 539
→→←→→ 0 1 631
→→←→→ 0 1 467
←←→←← 0 1 777
←←←←← 1 1 501
→→←→→ 0 1 574
→→←→→ 0 1 540
→→←→→ 0 1 518
←←←←← 1 1 480
→→→→→ 1 1 473
→→→→→ 1 1 442
←←←←← 1 1 448
→→→→→ 1 1 472
←←←←← 1 1 419
←←→←← 0 1 495
←←←←← 1 1 393
→→←→→ 0 1 490
→→←→→ 0 1 497
←←←←← 1 1 512
←←→←← 0 2 440
←←←←← 1 1 585
←←→←← 0 2 561
←←→←← 0 1 602
→→→→→ 1 1 424
←←←←← 1 1 489
→→←→→ 0 1 510
→→←→→ 0 1 599
→→→→→ 1 1 485
←←→←← 0 1 531
→→→→→ 1 1 441
→→←→→ 0 1 615
←←←←← 1 1 503
→→→→→ 1 1 391
←←→←← 0 1 482
→→←→→ 0 1 583
←←→←← 0 1 470
→→→→→ 1 1 476
→→→→→ 1 1 548
←←←←← 1 1 506
→→←→→ 0 1 517
←←→←← 0 1 420
→→→→→ 1 1 401
←←→←← 0 1 498
→→→→→ 1 1 435
←←→←← 0 1 441
←←→←← 0 1 515
→→→→→ 1 1 389
←←←←← 1 1 379
→→←→→ 0 1 729
→→←→→ 0 1 532
←←←←← 1 1 502
→→→→→ 1 1 562
←←→←← 0 1 445
→→→→→ 1 1 419
←←→←← 0 1 389
←←←←← 1 1 475
←←←←← 1 1 404
→→→→→ 1 1 513
→→→→→ 1 1 351
→→←→→ 0 1 561
→→→→→ 1 1 495
←←→←← 0 1 540
→→→→→ 1 1 429
←←→←← 0 1 489
←←←←← 1 1 483
←←←←← 1 1 459
→→←→→ 0 1 563
→→←→→ 0 1 540
←←←←← 1 1 443
→→←→→ 0 1 535
→→→→→ 1 1 572
←←←←← 1 1 494
←←→←← 0 1 743
→→←→→ 0 1 523
←←→←← 0 1 435
←←→←← 0 1 446
→→←→→ 0 1 446
←←→←← 0 1 573
←←←←← 1 1 452
←←←←← 1 1 493
→→←→→ 0 2 435
←←←←← 1 1 431
