→→→→→ 1 1 1067
←←→←← 0 1 493
←←→←← 0 1 474
←←→←← 0 1 434
→→→→→ 1 1 395
←←→←← 0 1 394
→→→→→ 1 1 351
←←→←← 0 1 366
←←←←← 1 1 443
←←←←← 1 1 371
←←←←← 1 1 363
→→←→→ 0 1 355
→→←→→ 0 1 381
→→←→→ 0 1 354
→→→→→ 1 1 425
→→→→→ 1 1 351
→→→→→ 1 1 334
←←→←← 0 1 377
→→←→→ 0 1 441
→→→→→ 1 1 415
←←←←← 1 1 393
→→←→→ 0 1 340
←←←←← 1 1 335
←←←←← 1 1 433
←←→←← 0 1 445
→→→→→ 1 1 355
→→→→→ 1 1 330
←←→←← 0 1 299
→→→→→ 1 1 446
→→←→→ 0 1 446
→→←→→ 0 1 370
→→→→→ 1 1 404
←←←←← 1 1 387
←←←←← 1 1 385
→→→→→ 1 1 368
←←←←← 1 1 412
→→←→→ 0 1 411
→→←→→ 0 1 420
←←←←← 1 1 352
←←←←← 1 1 336
←←←←← 1 1 312
←←→←← 0 1 431
←←←←← 1 1 379
→→→→→ 1 1 346
→→→→→ 1 1 323
→→←→→ 0 1 399
←←→←← 0 1 377
→→←→→ 0 1 406
→→←→→ 0 1 365
←←→←← 0 1 399
←←→←← 0 1 366
←←→←← 0 1 375
←←→←← 0 1 359
←←→←← 0 1 350
←←←←← 1 1 409
→→→→→ 1 1 376
←←→←← 0 1 373
→→→→→ 1 1 349
←←←←← 1 1 391
←←←←← 1 1 377
→→←→→ 0 1 362
←←←←← 1 1 331
→→→→→ 1 1 367
←←→←← 0 1 347
→→←→→ 0 1 387
←←←←← 1 1 371
←←→←← 0 1 734
←←→←← 0 1 365
→→←→→ 0 1 322
→→→→→ 1 1 371
←←←←← 1 1 340
→→←→→ 0 1 346
←←←←← 1 1 302
→→→→→ 1 1 414
→→←→→ 0 1 367
→→←→→ 0 1 308
→→←→→ 0 1 405
→→←→→ 0 1 389
←←←←← 1 1 319
→→→→→ 1 1 383
←←←←← 1 1 342
→→←→→ 0 1 335
→→→→→ 1 2 354
→→←→→ 0 1 420
→→→→→ 1 1 369
→→→→→ 1 1 383
←←→←← 0 1 335
→→→→→ 1 1 557
←←←←← 1 1 331
→→←→→ 0 1 372
←←→←← 0 1 332
→→←→→ 0 1 396
←←→←← 0 1 416
←←→←← 0 1 462
←←→←← 0 1 507
←←←←← 1 1 359
←←←←← 1 1 419
→→→→→ 1 1 432
←←→←← 0 1 400
→→←→→ 0 1 363
