→→←→→ 0 1 1562
←←→←← 0 1 523
←←→←← 0 1 478
←←←←← 1 1 469
→→←→→ 0 1 574
←←→←← 0 1 427
→→→→→ 1 1 407
→→→→→ 1 1 406
←←→←← 0 1 452
←←←←← 1 1 442
←←←←← 1 1 441
→→→→→ 1 1 384
←←→←← 0 1 408
→→→→→ 1 1 390
→→←→→ 0 1 435
→→←→→ 0 1 472
→→→→→ 1 1 375
→→←→→ 0 1 430
←←→←← 0 1 394
←←←←← 1 1 393
→→→→→ 1 1 405
→→→→→ 1 1 399
←←→←← 0 1 419
←←←←← 1 1 414
→→←→→ 0 1 461
→→←→→ 0 1 425
←←←←← 1 1 488
←←←←← 1 1 482
→→←→→ 0 1 462
→→←→→ 0 1 453
←←→←← 0 1 525
←←→←← 0 1 464
→→→→→ 1 1 473
←←←←← 1 1 447
←←→←← 0 1 417
←←←←← 1 1 395
→→←→→ 0 1 412
→→←→→ 0 1 415
→→→→→ 1 1 412
←←→←← 0 1 387
→→←→→ 0 1 432
→→→→→ 1 1 414
←←←←← 1 1 370
→→←→→ 0 1 430
→→→→→ 1 1 341
→→→→→ 1 1 368
→→→→→ 1 1 360
→→→→→ 1 1 338
←←←←← 1 1 379
→→←→→ 0 1 378
→→←→→ 0 1 382
←←←←← 1 1 365
→→→→→ 1 1 400
←←←←← 1 1 374
→→→→→ 1 1 378
←←→←← 0 1 445
→→←→→ 0 1 395
←←→←← 0 1 405
←←←←← 1 1 390
→→→→→ 1 1 441
←←←←← 1 1 442
→→←→→ 0 1 444
←←→←← 0 1 418
←←→←← 0 1 420
←←→←← 0 1 446
→→←→→ 0 1 430
←←←←← 1 1 397
→→→→→ 1 1 405
→→→→→ 1 1 377
←←←←← 1 1 420
←←→←← 0 1 415
←←←←← 1 1 407
→→→→→ 1 1 376
→→→→→ 1 1 403
→→←→→ 0 1 416
←←←←← 1 1 411
←←→←← 0 1 407
→→←→→ 0 1 429
←←←←← 1 1 371
←←→←← 0 1 424
→→→→→ 1 1 360
→→→→→ 1 1 408
→→←→→ 0 1 380
←←→←← 0 1 398
→→←→→ 0 1 395
→→←→→ 0 1 441
→→→→→ 1 1 388
→→←→→ 0 1 407
←←→←← 0 1 416
←←←←← 1 1 352
←←→←← 0 1 372
←←→←← 0 1 397
←←→←← 0 1 391
←←←←← 1 1 384
←←←←← 1 1 395
→→→→→ 1 1 397
←←←←← 1 1 379
←←→←← 0 1 408
→→←→→ 0 1 396
←←←←← 1 1 362
