←←←←← 1 1 957
→→←→→ 0 1 894
→→→→→ 1 1 694
→→←→→ 0 1 674
→→←→→ 0 1 637
←←←←← 1 2 945
←←→←← 0 1 882
→→←→→ 0 1 591
←←←←← 1 1 562
→→→→→ 1 1 639
←←←←← 1 1 565
←←←←← 1 1 588
→→→→→ 1 1 667
←←←←← 1 1 593
←←→←← 0 1 599
←←←←← 1 1 568
→→→→→ 1 1 571
→→→→→ 1 1 714
→→←→→ 0 1 610
→→←→→ 0 1 924
→→←→→ 0 1 641
→→→→→ 1 1 665
←←←←← 1 1 593
→→→→→ 1 1 615
←←→←← 0 1 587
←←→←← 0 1 595
←←→←← 0 1 564
→→→→→ 1 1 663
→→→→→ 1 1 567
→→←→→ 0 1 594
←←→←← 0 1 617
→→→→→ 1 1 540
→→←→→ 0 1 588
→→←→→ 0 1 490
←←→←← 0 1 541
→→←→→ 0 1 516
→→←→→ 0 1 467
→→←→→ 0 1 562
←←←←← 1 1 489
→→←→→ 0 1 486
←←←←← 1 1 515
←←←←← 1 1 538
←←→←← 0 1 536
→→→→→ 1 1 541
→→←→→ 0 1 539
←←→←← 0 1 541
←←→←← 0 1 879
←←→←← 0 1 609
←←←←← 1 1 621
→→→→→ 1 1 593
←←→←← 0 1 512
→→←→→ 0 1 567
←←←←← 1 1 541
←←←←← 1 1 539
→→←→→ 0 1 590
→→→→→ 1 1 593
←←←←← 1 1 544
←←←←← 1 1 541
→→→→→ 1 1 540
→→→→→ 1 1 483
←←→←← 0 1 515
←←→←← 0 1 540
←←→←← 0 1 487
→→→→→ 1 1 571
←←→←← 0 1 512
←←→←← 0 1 562
←←→←← 0 1 516
←←→←← 0 1 562
→→←→→ 0 1 593
→→→→→ 1 1 537
←←→←← 0 1 466
←←→←← 0 1 520
→→→→→ 1 1 542
→→→→→ 1 1 490
→→→→→ 1 1 526
←←←←← 1 1 569
→→←→→ 0 1 565
←←←←← 1 1 489
←←→←← 0 1 616
←←←←← 1 1 499
←←←←← 1 1 576
←←←←← 1 1 521
←←←←← 1 1 613
←←←←← 1 1 524
→→→→→ 1 1 546
→→→→→ 1 1 466
→→←→→ 0 1 616
→→←→→ 0 1 488
→→→→→ 1 1 511
→→←→→ 0 1 514
←←→←← 0 1 491
→→←→→ 0 1 537
←←←←← 1 1 465
←←←←← 1 1 438
→→←→→ 0 1 465
→→→→→ 1 1 513
←←→←← 0 1 487
←←→←← 0 1 516
→→→→→ 1 1 664
→→←→→ 0 1 467
