←←←←← 1 1 1304
←←←←← 1 1 532
←←←←← 1 1 423
→→←→→ 0 1 663
←←←←← 1 1 533
→→→→→ 1 1 435
→→→→→ 1 1 341
→→→→→ 1 1 339
←←→←← 0 2 435
→→←→→ 0 1 692
←←→←← 0 1 389
←←←←← 1 1 432
←←→←← 0 1 374
→→→→→ 1 1 484
←←→←← 0 1 333
→→→→→ 1 1 409
←←→←← 0 1 331
→→←→→ 0 1 443
→→←→→ 0 1 400
→→→→→ 1 1 389
←←←←← 1 1 409
←←→←← 0 1 419
→→←→→ 0 1 454
←←→←← 0 1 507
←←→←← 0 1 468
→→→→→ 1 1 349
←←←←← 1 1 387
→→←→→ 0 1 499
←←→←← 0 1 416
←←→←← 0 1 377
←←←←← 1 1 370
→→←→→ 0 1 461
→→←→→ 0 1 458
→→←→→ 0 1 483
→→←→→ 0 1 377
←←←←← 1 1 409
→→←→→ 0 1 369
←←→←← 0 1 371
→→→→→ 1 1 359
←←→←← 0 2 376
←←→←← 0 2 472
→→←→→ 0 1 472
→→→→→ 1 1 459
→→→→→ 1 1 339
→→←→→ 0 1 505
←←←←← 1 1 624
←←←←← 1 1 370
←←←←← 1 1 393
→→←→→ 0 1 458
←←→←← 0 1 433
→→←→→ 0 1 607
←←←←← 1 1 393
←←←←← 1 1 406
→→←→→ 0 1 407
→→→→→ 1 1 458
←←←←← 1 1 416
←←←←← 1 1 443
←←→←← 0 1 439
←←←←← 1 1 402
→→←→→ 0 1 389
←←→←← 0 1 421
→→→→→ 1 1 419
→→→→→ 1 1 455
→→→→→ 1 1 368
←←←←← 1 1 444
→→←→→ 0 1 426
→→→→→ 1 1 477
←←→←← 0 1 466
←←←←← 1 1 487
←←←←← 1 1 406
→→←→→ 0 1 443
→→→→→ 1 1 402
←←←←← 1 1 417
←←→←← 0 1 436
→→←→→ 0 1 379
←←→←← 0 1 421
←←→←← 0 1 435
←←→←← 0 1 404
→→←→→ 0 1 448
→→←→→ 0 1 696
←←→←← 0 1 521
→→←→→ 0 1 455
→→←→→ 0 1 513
→→→→→ 1 1 366
←←→←← 0 1 489
←←←←← 1 1 402
←←←←← 1 1 419
→→→→→ 1 1 558
→→→→→ 1 1 406
←←→←← 0 1 417
←←←←← 1 1 489
→→→→→ 1 1 692
→→→→→ 1 3 2000
→→←→→ 0 1 691
→→→→→ 1 3 2000
←←→←← 0 1 740
→→→→→ 1 1 444
←←←←← 1 1 418
→→→→→ 1 1 433
→→→→→ 1 1 358
