→→←→→ 0 1 1847
←←←←← 1 2 1890
→→←→→ 0 3 2000
→→→→→ 1 2 1802
→→→→→ 1 1 1239
←←←←← 1 1 1085
←←→←← 0 3 2000
←←←←← 1 1 1096
→→→→→ 1 1 1017
→→←→→ 0 1 1004
←←←←← 1 1 758
→→←→→ 0 1 785
→→←→→ 0 1 725
←←→←← 0 1 1245
→→→→→ 1 1 984
→→←→→ 0 1 964
←←←←← 1 1 778
→→←→→ 0 1 790
←←→←← 0 1 1033
→→←→→ 0 3 2000
←←→←← 0 1 937
←←→←← 0 1 1283
→→←→→ 0 2 936
←←→←← 0 1 882
→→→→→ 1 1 928
→→←→→ 0 2 812
←←→←← 0 1 553
←←→←← 0 1 961
←←→←← 0 1 718
→→→→→ 1 1 801
←←←←← 1 1 1011
→→←→→ 0 2 797
←←←←← 1 1 696
←←→←← 0 1 1180
←←←←← 1 1 1030
←←←←← 1 1 639
→→←→→ 0 1 1548
→→←→→ 0 1 845
→→→→→ 1 1 834
→→→→→ 1 1 666
←←→←← 0 1 710
←←→←← 0 1 844
→→→→→ 1 1 685
→→→→→ 1 1 1068
←←→←← 0 1 635
←←→←← 0 1 750
←←←←← 1 1 815
←←←←← 1 1 533
→→→→→ 1 1 709
←←→←← 0 1 1152
→→←→→ 0 1 756
←←←←← 1 1 647
→→←→→ 0 1 784
←←←←← 1 1 659
←←←←← 1 1 616
←←→←← 0 1 1394
→→→→→ 1 1 766
←←→←← 0 1 1191
←←→←← 0 1 918
→→←→→ 0 1 993
←←←←← 1 1 792
←←→←← 0 1 557
←←←←← 1 1 596
→→←→→ 0 1 565
→→→→→ 1 1 498
←←←←← 1 1 525
←←→←← 0 1 461
←←←←← 1 1 514
←←←←← 1 2 532
←←←←← 1 1 749
→→←→→ 0 1 544
→→→→→ 1 1 605
→→←→→ 0 1 614
←←→←← 0 1 744
→→←→→ 0 1 848
←←→←← 0 1 795
→→→→→ 1 1 589
→→→→→ 1 1 642
→→→→→ 1 1 461
←←←←← 1 1 558
←←←←← 1 1 552
←←←←← 1 1 463
→→←→→ 0 1 469
→→→→→ 1 1 531
←←←←← 1 1 626
→→←→→ 0 1 473
←←→←← 0 1 614
←←→←← 0 2 499
→→→→→ 1 1 655
→→→→→ 1 1 479
→→←→→ 0 2 1505
→→→→→ 1 1 447
→→←→→ 0 1 697
→→→→→ 1 1 649
→→→→→ 1 1 508
←←←←← 1 1 599
→→→→→ 1 1 900
→→←→→ 0 1 625
←←→←← 0 1 622
→→→→→ 1 1 758
