→→→→→ 1 3 2000
←←←←← 1 1 1005
←←←←← 1 1 589
→→←→→ 0 1 451
→→←→→ 0 1 550
←←→←← 0 1 469
←←←←← 1 1 550
→→←→→ 0 1 521
→→→→→ 1 1 436
→→←→→ 0 1 428
←←→←← 0 1 390
←←←←← 1 1 330
←←←←← 1 1 403
→→→→→ 1 1 353
←←→←← 0 1 599
←←←←← 1 1 466
←←→←← 0 1 454
→→←→→ 0 1 459
←←←←← 1 1 744
→→→→→ 1 1 493
→→←→→ 0 1 453
→→←→→ 0 1 462
→→→→→ 1 1 508
→→←→→ 0 1 442
←←→←← 0 1 500
←←→←← 0 1 490
←←←←← 1 1 458
←←→←← 0 1 455
→→→→→ 1 1 439
←←→←← 0 1 455
←←←←← 1 1 563
→→→→→ 1 1 635
←←←←← 1 1 505
←←→←← 0 1 770
→→←→→ 0 1 602
←←→←← 0 1 589
→→←→→ 0 1 857
→→←→→ 0 1 444
→→←→→ 0 1 372
←←←←← 1 1 342
→→→→→ 1 1 428
←←→←← 0 1 328
→→→→→ 1 1 350
←←→←← 0 1 446
→→←→→ 0 1 512
→→←→→ 0 1 334
←←←←← 1 1 325
←←←←← 1 1 439
→→←→→ 0 1 407
→→←→→ 0 1 414
←←→←← 0 1 475
←←→←← 0 1 343
→→←→→ 0 1 478
←←→←← 0 2 420
→→→→→ 1 1 666
←←→←← 0 1 335
→→←→→ 0 1 769
←←←←← 1 1 364
←←→←← 0 1 477
←←→←← 0 1 349
←←→←← 0 1 515
→→→→→ 1 1 430
←←←←← 1 1 584
←←←←← 1 1 398
←←→←← 0 1 584
→→→→→ 1 1 353
→→→→→ 1 1 302
→→←→→ 0 1 520
←←→←← 0 1 668
→→→→→ 1 1 709
→→→→→ 1 1 444
→→→→→ 1 1 331
←←←←← 1 1 543
→→←→→ 0 1 475
→→→→→ 1 1 419
→→←→→ 0 1 488
←←→←← 0 1 500
←←←←← 1 1 525
→→→→→ 1 1 448
←←←←← 1 1 515
←←←←← 1 1 499
←←←←← 1 1 412
→→←→→ 0 1 433
→→→→→ 1 1 602
←←←←← 1 1 587
→→→→→ 1 1 589
←←←←← 1 1 600
←←→←← 0 1 631
→→→→→ 1 1 870
→→←→→ 0 1 1094
→→→→→ 1 1 579
→→→→→ 1 1 804
←←←←← 1 1 583
←←→←← 0 1 1160
→→←→→ 0 1 492
→→→→→ 1 1 479
←←←←← 1 1 425
←←→←← 0 1 549
→→←→→ 0 1 524
→→→→→ 1 1 452
