←←→←← 0 3 2000
←←←←← 1 1 1823
→→←→→ 0 1 1365
→→→→→ 1 1 578
→→→→→ 1 1 702
→→←→→ 0 1 661
→→→→→ 1 1 667
→→←→→ 0 1 640
→→→→→ 1 1 651
→→→→→ 1 1 556
←←→←← 0 1 540
→→←→→ 0 1 673
→→→→→ 1 1 548
←←→←← 0 1 670
←←→←← 0 1 653
←←←←← 1 1 565
←←←←← 1 1 482
←←←←← 1 1 551
←←←←← 1 1 527
→→←→→ 0 1 517
→→→→→ 1 1 507
→→←→→ 0 1 564
←←→←← 0 1 533
←←←←← 1 1 763
←←←←← 1 1 637
←←→←← 0 1 512
→→←→→ 0 1 485
←←→←← 0 1 590
←←→←← 0 1 586
→→←→→ 0 1 597
→→←→→ 0 1 556
←←→←← 0 1 548
→→→→→ 1 1 608
←←→←← 0 1 521
→→←→→ 0 1 571
←←←←← 1 1 503
←←→←← 0 1 466
→→→→→ 1 1 444
→→←→→ 0 1 599
→→→→→ 1 1 503
→→→→→ 1 1 430
←←→←← 0 1 508
←←→←← 0 1 479
→→→→→ 1 1 485
←←→←← 0 1 473
←←←←← 1 1 562
←←→←← 0 1 485
→→←→→ 0 1 539
←←←←← 1 1 530
→→←→→ 0 1 476
→→→→→ 1 1 470
←←←←← 1 1 523
→→←→→ 0 1 541
→→←→→ 0 1 492
←←←←← 1 1 780
→→←→→ 0 1 601
→→→→→ 1 1 510
←←←←← 1 1 505
→→←→→ 0 1 539
←←←←← 1 1 581
←←←←← 1 1 516
→→←→→ 0 1 541
←←←←← 1 1 503
→→←→→ 0 1 515
→→→→→ 1 1 460
→→←→→ 0 1 568
←←←←← 1 1 540
←←→←← 0 1 466
←←→←← 0 1 606
→→→→→ 1 1 463
→→→→→ 1 1 525
→→→→→ 1 1 519
←←←←← 1 1 578
←←←←← 1 1 501
→→←→→ 0 1 934
←←→←← 0 1 529
←←←←← 1 2 544
→→→→→ 1 1 670
←←→←← 0 1 575
→→←→→ 0 1 567
←←→←← 0 1 548
←←→←← 0 1 499
→→←→→ 0 1 484
←←→←← 0 1 474
←←←←← 1 1 477
←←←←← 1 1 601
→→→→→ 1 1 438
→→←→→ 0 1 707
←←→←← 0 1 564
←←←←← 1 1 581
→→→→→ 1 1 604
←←→←← 0 1 562
→→←→→ 0 1 686
→→→→→ 1 1 537
→→→→→ 1 1 517
←←←←← 1 1 628
←←←←← 1 1 540
→→→→→ 1 1 525
←←→←← 0 1 536
→→→→→ 1 1 544
