←←→←← 0 3 2000
→→←→→ 0 1 1901
→→←→→ 0 1 1231
→→→→→ 1 1 1007
←←→←← 0 1 1080
→→→→→ 1 1 931
→→→→→ 1 1 827
←←←←← 1 1 856
←←→←← 0 1 887
→→←→→ 0 1 826
→→←→→ 0 1 781
←←←←← 1 1 721
→→→→→ 1 1 872
→→→→→ 1 1 721
←←←←← 1 1 750
←←→←← 0 1 780
→→→→→ 1 1 753
←←←←← 1 1 752
→→←→→ 0 1 692
←←→←← 0 1 796
→→→→→ 1 1 450
←←←←← 1 1 722
←←→←← 0 1 527
←←→←← 0 1 797
←←→←← 0 1 720
←←→←← 0 1 706
→→→→→ 1 1 451
←←←←← 1 1 796
→→←→→ 0 1 647
→→←→→ 0 1 661
→→←→→ 0 1 721
←←←←← 1 1 450
←←←←← 1 1 797
→→→→→ 1 1 842
←←→←← 0 1 616
→→←→→ 0 1 735
←←←←← 1 1 766
←←→←← 0 1 780
→→←→→ 0 1 766
←←→←← 0 1 736
←←←←← 1 1 751
→→←→→ 0 1 826
→→←→→ 0 1 781
→→→→→ 1 1 766
←←←←← 1 1 705
←←←←← 1 1 750
→→→→→ 1 1 781
←←←←← 1 1 721
←←→←← 0 1 721
→→←→→ 0 1 766
→→→→→ 1 1 751
→→→→→ 1 1 451
←←→←← 0 1 736
→→→→→ 1 1 781
←←→←← 0 1 751
→→←→→ 0 1 841
→→←→→ 0 1 781
←←←←← 1 1 916
→→→→→ 1 1 810
←←←←← 1 1 962
←←←←← 1 1 751
←←→←← 0 1 841
→→←→→ 0 1 873
→→→→→ 1 1 824
←←←←← 1 1 826
←←→←← 0 1 796
←←→←← 0 1 751
←←←←← 1 1 841
←←→←← 0 1 750
→→→→→ 1 1 677
→→→→→ 1 1 676
→→←→→ 0 1 751
→→→→→ 1 1 812
→→←→→ 0 1 810
→→←→→ 0 1 691
→→→→→ 1 1 811
←←←←← 1 1 781
←←→←← 0 1 827
←←→←← 0 1 826
←←←←← 1 1 795
→→←→→ 0 1 751
←←←←← 1 1 752
→→←→→ 0 1 751
←←→←← 0 1 871
←←←←← 1 1 841
←←→←← 0 1 829
→→→→→ 1 1 702
→→→→→ 1 1 648
←←←←← 1 1 796
←←→←← 0 1 811
→→→→→ 1 1 825
←←←←← 1 1 765
←←←←← 1 1 751
→→←→→ 0 1 826
→→←→→ 0 1 767
→→→→→ 1 1 1081
→→←→→ 0 1 1065
←←→←← 0 1 842
→→→→→ 1 1 946
→→←→→ 0 1 1021
