←←→←← 0 3 2000
→→→→→ 1 1 468
→→←→→ 0 1 610
←←←←← 1 1 545
←←←←← 1 1 532
→→←→→ 0 1 557
→→→→→ 1 1 561
→→→→→ 1 1 488
→→→→→ 1 1 517
→→←→→ 0 1 609
←←←←← 1 1 489
←←←←← 1 1 409
→→←→→ 0 1 521
←←→←← 0 1 655
→→→→→ 1 1 580
←←←←← 1 1 824
←←→←← 0 1 648
→→→→→ 1 1 466
←←→←← 0 1 720
←←←←← 1 1 594
→→→→→ 1 1 611
←←←←← 1 1 493
←←←←← 1 1 536
←←←←← 1 1 1036
←←←←← 1 1 902
→→→→→ 1 1 517
←←→←← 0 1 383
←←→←← 0 1 413
→→→→→ 1 1 356
←←→←← 0 1 534
→→←→→ 0 1 507
→→→→→ 1 1 663
→→→→→ 1 1 358
←←→←← 0 1 456
→→→→→ 1 1 633
→→←→→ 0 2 364
→→→→→ 1 1 529
→→←→→ 0 1 440
←←→←← 0 1 590
←←→←← 0 1 495
←←→←← 0 2 399
←←←←← 1 1 916
→→←→→ 0 1 737
←←←←← 1 1 438
←←→←← 0 1 475
←←←←← 1 1 443
→→←→→ 0 1 674
←←←←← 1 1 599
→→←→→ 0 1 784
←←←←← 1 1 536
→→←→→ 0 1 614
←←←←← 1 1 504
←←→←← 0 1 509
←←←←← 1 1 445
→→→→→ 1 1 471
→→←→→ 0 1 835
→→→→→ 1 1 495
←←→←← 0 1 468
←←→←← 0 1 393
→→←→→ 0 1 515
←←←←← 1 1 400
←←←←← 1 1 354
→→←→→ 0 1 464
→→→→→ 1 2 360
←←←←← 1 1 521
→→→→→ 1 1 525
←←→←← 0 1 377
→→→→→ 1 1 385
←←→←← 0 1 431
←←→←← 0 1 405
→→←→→ 0 1 615
→→→→→ 1 1 450
→→←→→ 0 1 526
→→←→→ 0 1 703
→→→→→ 1 1 569
←←→←← 0 1 531
→→←→→ 0 1 545
←←→←← 0 1 900
←←←←← 1 1 471
→→→→→ 1 1 380
→→←→→ 0 2 308
←←←←← 1 1 439
→→→→→ 1 1 433
←←→←← 0 1 760
←←←←← 1 1 504
→→→→→ 1 1 395
←←←←← 1 1 450
←←←←← 1 1 407
→→←→→ 0 1 480
→→←→→ 0 1 430
→→←→→ 0 1 353
←←→←← 0 1 513
→→→→→ 1 1 372
←←→←← 0 1 386
→→←→→ 0 1 511
←←→←← 0 1 418
←←→←← 0 1 422
→→←→→ 0 1 437
→→←→→ 0 1 456
→→→→→ 1 1 533
