→→→→→ 1 1 1607
←←←←← 1 1 712
→→←→→ 0 1 850
→→→→→ 1 1 536
→→←→→ 0 1 797
→→→→→ 1 1 525
→→→→→ 1 1 473
→→←→→ 0 1 534
→→→→→ 1 1 493
→→←→→ 0 1 608
←←←←← 1 1 491
→→←→→ 0 1 514
→→→→→ 1 1 431
→→→→→ 1 1 474
←←→←← 0 1 462
→→←→→ 0 1 447
→→→→→ 1 1 442
→→←→→ 0 1 450
←←→←← 0 1 434
←←→←← 0 1 445
←←→←← 0 1 489
→→→→→ 1 1 483
→→←→→ 0 1 475
←←→←← 0 1 456
→→→→→ 1 1 464
→→→→→ 1 1 440
←←←←← 1 1 461
→→←→→ 0 1 515
←←←←← 1 1 410
→→←→→ 0 1 467
←←←←← 1 1 464
→→→→→ 1 1 452
→→←→→ 0 1 464
→→→→→ 1 1 418
←←←←← 1 1 468
←←→←← 0 1 455
←←←←← 1 1 503
←←←←← 1 1 488
→→←→→ 0 1 744
←←←←← 1 1 477
←←←←← 1 1 486
→→←→→ 0 1 513
→→←→→ 0 1 521
→→←→→ 0 1 518
←←←←← 1 1 516
←←→←← 0 1 501
←←←←← 1 1 492
←←→←← 0 1 498
→→→→→ 1 1 445
→→←→→ 0 1 435
→→→→→ 1 1 958
←←←←← 1 1 559
←←→←← 0 1 501
→→→→→ 1 1 615
←←→←← 0 1 441
→→→→→ 1 1 530
←←→←← 0 1 529
→→←→→ 0 1 526
→→→→→ 1 1 507
←←→←← 0 1 502
→→→→→ 1 1 498
←←←←← 1 1 453
←←←←← 1 1 440
→→→→→ 1 1 429
→→←→→ 0 1 476
←←→←← 0 1 585
←←←←← 1 1 657
←←←←← 1 1 456
→→→→→ 1 1 443
←←←←← 1 1 453
←←←←← 1 1 496
←←→←← 0 1 467
←←←←← 1 1 500
→→→→→ 1 1 463
→→←→→ 0 1 471
→→←→→ 0 1 446
←←→←← 0 1 582
←←→←← 0 1 484
←←←←← 1 1 539
←←→←← 0 1 514
←←→←← 0 1 500
←←→←← 0 1 419
←←→←← 0 1 474
←←←←← 1 1 437
←←←←← 1 1 394
←←→←← 0 1 428
←←→←← 0 1 400
→→←→→ 0 1 455
←←→←← 0 1 434
→→←→→ 0 1 465
→→→→→ 1 1 456
→→←→→ 0 1 472
→→←→→ 0 1 437
←←←←← 1 1 460
←←→←← 0 1 436
→→→→→ 1 1 419
→→←→→ 0 1 486
←←→←← 0 1 463
←←←←← 1 1 455
→→→→→ 1 1 421
