→→←→→ 0 3 2000
→→→→→ 1 1 811
←←→←← 0 1 677
→→←→→ 0 1 516
←←←←← 1 1 612
←←←←← 1 1 501
→→←→→ 0 1 512
←←→←← 0 1 485
→→←→→ 0 1 609
→→←→→ 0 1 551
→→→→→ 1 1 560
←←→←← 0 1 500
→→←→→ 0 1 513
←←→←← 0 1 512
→→→→→ 1 1 465
→→←→→ 0 1 552
→→→→→ 1 1 483
←←→←← 0 1 424
→→←→→ 0 1 504
→→←→→ 0 1 454
→→→→→ 1 1 479
→→→→→ 1 1 449
→→→→→ 1 1 440
→→→→→ 1 1 365
→→←→→ 0 1 434
→→←→→ 0 1 444
←←←←← 1 1 383
←←→←← 0 1 428
←←→←← 0 1 474
→→→→→ 1 1 1634
←←→←← 0 1 440
→→→→→ 1 1 382
→→←→→ 0 1 487
→→→→→ 1 1 452
→→→→→ 1 1 411
→→←→→ 0 1 401
→→←→→ 0 1 352
→→←→→ 0 1 422
→→→→→ 1 2 397
←←←←← 1 1 489
←←→←← 0 1 442
←←←←← 1 1 457
←←→←← 0 1 456
←←→←← 0 1 529
←←→←← 0 1 592
→→→→→ 1 1 457
←←←←← 1 1 429
←←←←← 1 1 435
←←←←← 1 1 458
→→→→→ 1 1 424
←←→←← 0 1 580
←←→←← 0 1 440
←←←←← 1 1 455
→→←→→ 0 1 447
→→→→→ 1 1 413
←←→←← 0 1 400
←←←←← 1 1 448
←←←←← 1 1 476
←←←←← 1 1 387
→→→→→ 1 1 388
→→→→→ 1 1 425
→→→→→ 1 1 381
←←→←← 0 1 469
←←←←← 1 1 439
←←←←← 1 1 428
→→→→→ 1 1 437
←←←←← 1 1 385
←←←←← 1 1 431
←←←←← 1 1 389
→→←→→ 0 1 435
←←←←← 1 1 386
←←←←← 1 1 417
→→→→→ 1 1 468
→→←→→ 0 1 471
→→←→→ 0 1 356
←←←←← 1 1 396
←←→←← 0 1 530
←←→←← 0 1 442
←←←←← 1 1 344
←←→←← 0 2 463
→→→→→ 1 1 432
←←←←← 1 1 463
←←←←← 1 1 465
←←→←← 0 1 429
→→←→→ 0 1 390
→→←→→ 0 1 458
→→→→→ 1 1 440
←←←←← 1 1 480
←←←←← 1 1 527
→→←→→ 0 1 440
→→→→→ 1 1 375
←←→←← 0 1 444
→→←→→ 0 1 433
←←→←← 0 1 381
←←→←← 0 1 493
→→→→→ 1 1 438
→→←→→ 0 1 413
←←→←← 0 1 427
←←→←← 0 1 463
→→←→→ 0 1 344
