→→→→→ 1 1 1225
→→←→→ 0 1 1635
←←←←← 1 1 1231
←←→←← 0 2 1269
←←←←← 1 1 1431
←←→←← 0 3 2000
→→→→→ 1 1 1004
←←→←← 0 1 778
←←→←← 0 1 685
→→←→→ 0 1 775
→→→→→ 1 1 1213
→→→→→ 1 1 821
←←→←← 0 1 692
→→←→→ 0 1 905
→→←→→ 0 1 987
→→←→→ 0 1 975
→→→→→ 1 1 1129
←←→←← 0 1 817
←←→←← 0 1 975
←←→←← 0 1 742
←←←←← 1 1 760
←←←←← 1 1 660
→→→→→ 1 1 665
→→→→→ 1 1 633
←←→←← 0 1 895
→→←→→ 0 1 610
→→←→→ 0 1 760
→→←→→ 0 1 893
→→→→→ 1 1 623
→→→→→ 1 1 590
←←←←← 1 1 680
→→←→→ 0 1 807
←←←←← 1 1 1116
←←←←← 1 1 717
→→←→→ 0 1 1046
→→→→→ 1 1 1064
→→←→→ 0 2 1160
←←←←← 1 1 726
←←←←← 1 1 766
←←←←← 1 1 466
←←→←← 0 1 647
→→→→→ 1 1 621
←←←←← 1 1 694
→→←→→ 0 2 654
→→←→→ 0 1 1548
←←→←← 0 1 569
→→→→→ 1 1 627
←←→←← 0 1 539
←←→←← 0 1 600
←←→←← 0 1 573
→→←→→ 0 1 646
←←←←← 1 1 658
←←←←← 1 1 530
→→→→→ 1 1 611
←←→←← 0 1 671
→→→→→ 1 1 551
←←←←← 1 1 561
→→→→→ 1 1 718
→→→→→ 1 1 718
←←←←← 1 1 619
→→←→→ 0 1 766
→→←→→ 0 1 596
←←→←← 0 1 618
→→←→→ 0 1 719
→→←→→ 0 1 582
←←←←← 1 1 574
←←→←← 0 1 502
→→→→→ 1 1 643
→→→→→ 1 1 596
→→←→→ 0 1 571
←←→←← 0 1 679
→→→→→ 1 1 810
←←→←← 0 1 630
←←←←← 1 1 745
←←←←← 1 1 511
→→→→→ 1 1 688
→→←→→ 0 1 659
→→←→→ 0 1 585
→→←→→ 0 1 616
←←←←← 1 1 652
←←←←← 1 1 591
←←→←← 0 1 561
←←→←← 0 1 608
→→→→→ 1 1 761
→→←→→ 0 1 1060
←←←←← 1 1 458
←←→←← 0 1 555
→→→→→ 1 1 658
→→→→→ 1 1 586
←←←←← 1 1 453
←←←←← 1 1 765
→→→→→ 1 1 680
→→→→→ 1 1 572
←←→←← 0 1 562
←←→←← 0 1 597
←←←←← 1 1 543
←←→←← 0 1 893
→→←→→ 0 1 500
→→←→→ 0 1 516
←←←←← 1 1 504
