→→←→→ 0 3 2000
←←←←← 1 2 1554
→→←→→ 0 1 1262
→→←→→ 0 1 673
→→→→→ 1 2 623
→→←→→ 0 2 741
←←←←← 1 2 940
→→→→→ 1 2 781
←←→←← 0 2 2200
←←→←← 0 2 1285
←←→←← 0 1 1070
←←←←← 1 2 1012
→→→→→ 1 2 1032
→→→→→ 1 3 2000
←←←←← 1 2 1040
←←→←← 0 1 1306
→→←→→ 0 1 717
←←←←← 1 2 1068
→→→→→ 1 2 645
→→←→→ 0 2 905
←←→←← 0 2 727
→→→→→ 1 2 771
←←←←← 1 2 621
→→←→→ 0 2 1979
←←→←← 0 2 1313
←←→←← 0 2 866
←←→←← 0 3 2000
←←←←← 1 2 772
←←←←← 1 2 754
→→→→→ 1 2 439
←←←←← 1 1 1023
←←→←← 0 1 882
←←→←← 0 2 932
←←←←← 1 2 723
←←←←← 1 2 862
←←←←← 1 1 1000
→→←→→ 0 2 991
←←←←← 1 1 748
←←←←← 1 1 994
→→→→→ 1 1 823
←←←←← 1 1 947
→→←→→ 0 2 810
←←→←← 0 2 714
←←→←← 0 2 1673
→→←→→ 0 2 1246
←←←←← 1 2 1068
→→←→→ 0 1 1128
←←→←← 0 2 1122
→→→→→ 1 2 1375
→→←→→ 0 2 929
←←←←← 1 2 770
←←→←← 0 2 936
←←←←← 1 2 987
→→→→→ 1 2 1739
←←←←← 1 2 1202
→→→→→ 1 3 2000
→→←→→ 0 1 1179
←←←←← 1 2 1328
→→←→→ 0 1 995
←←→←← 0 1 832
→→→→→ 1 2 1306
←←→←← 0 1 800
→→←→→ 0 1 656
→→→→→ 1 1 885
→→→→→ 1 1 1105
←←→←← 0 1 933
→→→→→ 1 1 1144
←←→←← 0 1 963
←←→←← 0 1 884
→→←→→ 0 1 892
→→←→→ 0 1 938
→→→→→ 1 1 834
←←→←← 0 1 974
←←←←← 1 1 534
→→→→→ 1 1 1108
→→→→→ 1 1 754
→→→→→ 1 2 1381
←←←←← 1 3 2000
→→←→→ 0 2 940
→→←→→ 0 2 810
→→→→→ 1 2 650
←←←←← 1 1 1063
→→→→→ 1 1 793
←←←←← 1 1 595
←←→←← 0 1 1172
→→←→→ 0 1 726
←←→←← 0 1 1095
←←←←← 1 1 1642
←←→←← 0 1 525
→→←→→ 0 1 968
→→→→→ 1 1 1647
→→→→→ 1 1 766
→→←→→ 0 1 755
←←→←← 0 3 2000
→→→→→ 1 2 1289
←←→←← 0 1 1506
→→←→→ 0 1 567
→→←→→ 0 2 1045
→→→→→ 1 2 812
→→←→→ 0 2 959
