→→→→→ 1 1 878
←←←←← 1 1 480
→→→→→ 1 1 416
←←→←← 0 1 451
←←→←← 0 1 399
→→←→→ 0 1 420
←←←←← 1 1 423
←←→←← 0 1 448
→→←→→ 0 1 422
←←→←← 0 1 360
←←→←← 0 1 425
→→←→→ 0 1 411
→→→→→ 1 1 422
→→→→→ 1 1 349
←←←←← 1 1 416
→→→→→ 1 1 386
→→←→→ 0 1 414
→→→→→ 1 1 321
→→←→→ 0 1 385
→→→→→ 1 1 348
→→←→→ 0 1 358
→→→→→ 1 1 350
←←→←← 0 1 429
→→→→→ 1 1 333
→→→→→ 1 1 345
←←←←← 1 1 363
←←→←← 0 1 421
→→←→→ 0 1 407
→→→→→ 1 1 367
←←←←← 1 1 345
→→←→→ 0 1 463
→→→→→ 1 1 344
←←←←← 1 1 385
←←→←← 0 1 366
←←←←← 1 1 427
←←←←← 1 1 379
→→←→→ 0 1 331
←←←←← 1 1 346
←←→←← 0 1 393
→→→→→ 1 1 431
←←←←← 1 1 355
←←→←← 0 1 430
→→←→→ 0 1 367
←←→←← 0 1 370
←←→←← 0 1 434
→→←→→ 0 1 384
→→→→→ 1 1 403
←←←←← 1 1 374
→→←→→ 0 2 455
→→→→→ 1 1 449
←←→←← 0 1 366
→→←→→ 0 1 392
←←→←← 0 1 392
←←→←← 0 1 380
←←→←← 0 1 412
←←←←← 1 1 362
←←←←← 1 1 359
→→←→→ 0 1 380
←←←←← 1 1 379
→→←→→ 0 1 354
←←→←← 0 1 427
←←→←← 0 1 346
←←←←← 1 1 363
←←→←← 0 1 412
←←←←← 1 1 386
→→→→→ 1 1 376
→→→→→ 1 1 378
→→→→→ 1 1 350
→→→→→ 1 1 370
←←←←← 1 1 374
←←←←← 1 1 315
←←←←← 1 1 312
←←→←← 0 1 426
←←←←← 1 1 349
→→←→→ 0 1 358
→→←→→ 0 1 383
←←→←← 0 1 415
→→←→→ 0 1 403
→→→→→ 1 1 396
→→→→→ 1 1 363
→→→→→ 1 1 335
→→→→→ 1 1 336
→→←→→ 0 1 368
→→←→→ 0 1 389
←←←←← 1 1 310
←←←←← 1 1 342
→→←→→ 0 1 354
←←→←← 0 1 404
→→←→→ 0 1 365
←←→←← 0 1 329
→→→→→ 1 1 336
→→→→→ 1 1 364
←←←←← 1 1 348
→→←→→ 0 1 305
←←→←← 0 1 383
→→←→→ 0 1 349
←←←←← 1 1 312
→→←→→ 0 1 405
←←←←← 1 1 324
←←→←← 0 1 425
