←←→←← 0 3 2000
→→→→→ 1 1 787
→→←→→ 0 1 735
→→←→→ 0 1 718
→→←→→ 0 1 616
←←←←← 1 1 557
→→←→→ 0 1 521
←←←←← 1 1 490
→→→→→ 1 1 422
→→→→→ 1 1 463
→→→→→ 1 1 482
→→←→→ 0 1 496
←←←←← 1 1 531
→→←→→ 0 1 511
←←→←← 0 1 480
→→→→→ 1 1 656
←←→←← 0 1 488
←←←←← 1 1 430
←←←←← 1 1 414
→→←→→ 0 1 458
→→←→→ 0 1 458
→→→→→ 1 1 466
←←←←← 1 1 429
←←←←← 1 1 486
←←←←← 1 1 393
→→←→→ 0 1 430
←←→←← 0 1 573
→→←→→ 0 1 398
←←←←← 1 1 398
←←→←← 0 1 502
→→←→→ 0 1 470
→→→→→ 1 1 575
→→→→→ 1 1 701
→→←→→ 0 1 416
←←←←← 1 1 444
←←←←← 1 1 423
←←←←← 1 1 442
→→←→→ 0 1 448
←←→←← 0 1 483
→→←→→ 0 1 440
→→←→→ 0 1 404
→→←→→ 0 1 450
→→→→→ 1 1 444
→→→→→ 1 1 504
←←←←← 1 1 449
←←→←← 0 1 512
→→←→→ 0 1 420
→→←→→ 0 1 454
→→→→→ 1 1 451
→→→→→ 1 1 503
→→←→→ 0 1 344
←←←←← 1 1 403
→→→→→ 1 1 471
←←→←← 0 1 539
→→←→→ 0 1 439
→→→→→ 1 1 435
←←→←← 0 2 337
→→→→→ 1 1 485
←←←←← 1 1 632
←←→←← 0 1 768
←←→←← 0 1 491
←←←←← 1 1 455
←←→←← 0 1 449
←←→←← 0 1 468
←←←←← 1 1 570
←←→←← 0 1 462
←←→←← 0 1 496
→→→→→ 1 1 427
→→→→→ 1 1 422
→→→→→ 1 1 430
→→→→→ 1 1 423
←←→←← 0 1 415
→→←→→ 0 1 610
←←→←← 0 1 460
→→→→→ 1 1 412
→→→→→ 1 1 470
←←←←← 1 1 472
←←←←← 1 1 500
←←→←← 0 1 400
→→←→→ 0 1 437
←←←←← 1 1 487
←←←←← 1 1 467
→→←→→ 0 1 430
←←→←← 0 1 487
→→←→→ 0 1 418
←←→←← 0 1 514
→→→→→ 1 1 479
←←→←← 0 1 571
←←←←← 1 1 492
←←→←← 0 1 514
←←→←← 0 1 530
←←←←← 1 1 367
←←←←← 1 1 495
←←→←← 0 1 525
←←→←← 0 1 492
→→→→→ 1 1 473
→→→→→ 1 1 408
→→←→→ 0 1 491
→→→→→ 1 1 475
←←←←← 1 1 473
