→→→→→ 1 3 2000
←←→←← 0 1 957
→→←→→ 0 1 771
←←←←← 1 1 653
←←←←← 1 1 985
←←→←← 0 1 516
←←→←← 0 1 544
→→→→→ 1 1 780
→→←→→ 0 1 616
→→→→→ 1 1 564
←←←←← 1 1 549
→→→→→ 1 1 473
→→→→→ 1 1 527
←←→←← 0 1 552
←←→←← 0 1 539
←←←←← 1 1 592
→→→→→ 1 1 478
←←←←← 1 1 395
→→←→→ 0 1 680
→→←→→ 0 1 540
→→→→→ 1 1 550
→→←→→ 0 1 508
→→→→→ 1 1 486
→→←→→ 0 1 433
→→←→→ 0 1 683
→→→→→ 1 1 494
→→←→→ 0 1 592
→→→→→ 1 1 413
→→←→→ 0 1 442
←←→←← 0 1 418
→→←→→ 0 1 393
←←→←← 0 1 461
←←→←← 0 1 522
←←←←← 1 1 443
←←→←← 0 1 479
→→←→→ 0 1 506
←←→←← 0 1 450
→→←→→ 0 1 534
→→→→→ 1 1 493
←←→←← 0 1 552
←←←←← 1 1 485
←←←←← 1 1 535
→→→→→ 1 1 443
→→←→→ 0 1 522
←←→←← 0 1 540
←←→←← 0 1 573
→→→→→ 1 1 500
→→←→→ 0 2 433
←←←←← 1 1 684
←←←←← 1 1 494
←←←←← 1 1 451
←←→←← 0 1 624
←←→←← 0 1 700
←←←←← 1 1 541
→→←→→ 0 1 635
→→→→→ 1 1 555
→→→→→ 1 1 598
←←→←← 0 1 669
←←←←← 1 1 552
←←→←← 0 1 596
←←→←← 0 1 550
←←←←← 1 1 502
→→→→→ 1 1 541
←←→←← 0 1 530
←←←←← 1 1 552
→→→→→ 1 1 544
→→→→→ 1 1 727
←←←←← 1 1 536
←←→←← 0 1 751
←←→←← 0 1 698
→→→→→ 1 1 496
→→←→→ 0 1 469
→→→→→ 1 1 526
→→←→→ 0 1 579
→→←→→ 0 1 751
←←→←← 0 1 526
←←←←← 1 1 528
→→←→→ 0 1 605
←←←←← 1 1 567
→→←→→ 0 1 611
→→←→→ 0 1 560
→→→→→ 1 1 587
←←←←← 1 1 522
←←→←← 0 1 678
←←←←← 1 1 480
←←←←← 1 1 556
→→←→→ 0 1 421
←←←←← 1 1 615
←←→←← 0 1 519
←←←←← 1 1 596
←←→←← 0 1 542
→→→→→ 1 1 415
→→←→→ 0 1 580
→→←→→ 0 1 540
→→→→→ 1 1 549
←←←←← 1 1 501
→→←→→ 0 1 548
→→→→→ 1 1 551
→→→→→ 1 1 417
←←←←← 1 1 581
