←←←←← 1 1 1414
→→→→→ 1 1 583
→→←→→ 0 1 1039
←←→←← 0 1 537
←←→←← 0 1 550
←←→←← 0 1 487
←←→←← 0 1 430
→→→→→ 1 1 410
→→←→→ 0 1 471
→→→→→ 1 1 497
←←→←← 0 1 490
→→←→→ 0 1 448
←←←←← 1 1 472
→→←→→ 0 1 463
←←→←← 0 1 600
→→→→→ 1 1 472
←←←←← 1 1 526
←←→←← 0 1 455
→→→→→ 1 1 513
←←←←← 1 1 431
→→→→→ 1 1 441
→→←→→ 0 1 432
→→→→→ 1 1 383
←←→←← 0 1 513
→→→→→ 1 1 510
←←→←← 0 1 473
←←←←← 1 1 472
←←←←← 1 1 399
→→→→→ 1 1 440
→→←→→ 0 1 433
←←→←← 0 1 425
←←→←← 0 1 439
←←←←← 1 1 456
→→←→→ 0 1 440
←←←←← 1 1 414
→→←→→ 0 1 496
←←←←← 1 1 568
→→←→→ 0 1 408
←←→←← 0 1 480
←←←←← 1 1 440
←←←←← 1 1 391
→→←→→ 0 1 440
→→→→→ 1 1 417
→→→→→ 1 1 354
←←→←← 0 1 439
→→←→→ 0 1 479
→→←→→ 0 1 408
←←←←← 1 1 359
←←←←← 1 1 384
←←→←← 0 1 462
←←→←← 0 1 424
→→→→→ 1 1 338
→→→→→ 1 1 352
←←→←← 0 1 455
←←←←← 1 1 479
→→→→→ 1 1 430
←←←←← 1 1 424
←←←←← 1 1 352
←←→←← 0 1 455
→→←→→ 0 1 473
←←←←← 1 1 375
→→←→→ 0 1 454
→→←→→ 0 1 416
←←→←← 0 1 472
→→→→→ 1 1 368
←←←←← 1 1 439
→→→→→ 1 1 438
←←←←← 1 1 392
→→→→→ 1 1 400
→→→→→ 1 1 352
→→←→→ 0 1 455
→→→→→ 1 1 359
→→→→→ 1 1 359
→→←→→ 0 1 438
→→←→→ 0 1 417
→→←→→ 0 1 504
→→→→→ 1 1 448
←←→←← 0 1 456
←←←←← 1 1 400
→→→→→ 1 1 422
←←←←← 1 1 393
→→→→→ 1 1 368
←←←←← 1 1 416
←←←←← 1 1 425
→→→→→ 1 1 480
←←→←← 0 1 480
←←→←← 0 1 463
→→←→→ 0 1 472
←←←←← 1 1 382
←←→←← 0 1 447
→→←→→ 0 1 431
→→←→→ 0 1 430
→→→→→ 1 1 401
←←←←← 1 1 368
←←→←← 0 1 449
→→←→→ 0 1 384
←←→←← 0 1 680
→→←→→ 0 1 456
→→←→→ 0 1 529
←←→←← 0 1 518
