→→←→→ 0 1 910
←←→←← 0 1 607
←←→←← 0 1 577
→→←→→ 0 1 504
←←←←← 1 1 436
→→→→→ 1 1 447
→→←→→ 0 1 532
←←←←← 1 1 412
←←←←← 1 1 412
←←→←← 0 1 407
←←←←← 1 1 401
←←←←← 1 1 368
←←←←← 1 1 463
→→←→→ 0 1 555
←←←←← 1 1 415
←←→←← 0 1 391
→→←→→ 0 2 494
→→←→→ 0 1 505
→→→→→ 1 1 399
←←→←← 0 1 470
→→→→→ 1 1 397
←←→←← 0 1 518
→→←→→ 0 1 439
→→←→→ 0 1 469
←←→←← 0 1 404
←←→←← 0 1 461
←←←←← 1 1 426
←←→←← 0 1 412
→→→→→ 1 1 395
→→→→→ 1 1 367
←←→←← 0 2 423
→→←→→ 0 1 567
←←←←← 1 1 439
←←→←← 0 1 416
→→→→→ 1 1 400
→→←→→ 0 1 474
←←←←← 1 1 415
→→→→→ 1 1 423
←←→←← 0 1 430
→→←→→ 0 1 469
→→→→→ 1 1 494
→→←→→ 0 1 531
←←←←← 1 1 434
→→→→→ 1 1 623
←←←←← 1 1 432
→→→→→ 1 1 431
←←→←← 0 1 454
←←←←← 1 1 464
←←←←← 1 1 431
←←←←← 1 1 440
→→←→→ 0 1 499
→→←→→ 0 1 464
→→→→→ 1 1 562
→→←→→ 0 1 477
→→←→→ 0 1 442
←←←←← 1 1 444
←←→←← 0 1 531
←←←←← 1 1 513
←←←←← 1 1 448
→→→→→ 1 1 456
←←→←← 0 1 456
←←→←← 0 1 446
→→←→→ 0 1 424
→→←→→ 0 1 444
→→←→→ 0 1 485
→→→→→ 1 1 447
←←→←← 0 1 590
→→→→→ 1 1 466
→→→→→ 1 1 386
→→→→→ 1 1 437
←←→←← 0 1 498
→→←→→ 0 1 480
←←→←← 0 1 476
←←←←← 1 1 413
→→→→→ 1 1 407
→→→→→ 1 1 399
→→→→→ 1 1 342
←←←←← 1 1 395
←←→←← 0 1 459
→→←→→ 0 1 444
←←←←← 1 1 380
←←←←← 1 1 390
→→→→→ 1 1 532
→→←→→ 0 1 461
←←←←← 1 1 433
→→→→→ 1 1 435
←←→←← 0 1 520
←←→←← 0 1 498
→→←→→ 0 1 438
→→←→→ 0 1 471
←←→←← 0 1 409
→→→→→ 1 1 399
→→←→→ 0 1 409
←←←←← 1 1 458
→→→→→ 1 1 402
→→→→→ 1 1 412
←←←←← 1 2 344
←←→←← 0 1 522
←←→←← 0 1 497
→→→→→ 1 1 320
