→→←→→ 0 1 1211
→→→→→ 1 1 420
→→→→→ 1 1 495
←←←←← 1 1 486
→→←→→ 0 1 517
←←→←← 0 1 367
←←→←← 0 1 464
←←→←← 0 1 379
←←→←← 0 1 428
→→←→→ 0 1 400
←←←←← 1 1 385
→→→→→ 1 1 405
←←→←← 0 1 381
→→←→→ 0 1 397
←←←←← 1 1 389
→→→→→ 1 1 339
→→←→→ 0 1 372
←←→←← 0 1 351
←←←←← 1 1 455
←←→←← 0 1 574
→→→→→ 1 1 375
→→←→→ 0 1 488
←←→←← 0 1 511
←←→←← 0 1 355
←←←←← 1 1 358
→→→→→ 1 1 378
→→←→→ 0 1 399
←←→←← 0 1 417
→→→→→ 1 1 390
→→←→→ 0 1 417
←←←←← 1 1 400
←←→←← 0 1 389
←←←←← 1 1 393
←←→←← 0 1 346
←←→←← 0 1 376
→→→→→ 1 1 338
←←←←← 1 1 401
→→←→→ 0 1 414
→→→→→ 1 1 373
→→←→→ 0 1 439
→→←→→ 0 1 366
→→←→→ 0 1 654
←←→←← 0 1 401
←←←←← 1 1 352
←←←←← 1 1 421
←←←←← 1 1 468
→→→→→ 1 1 369
←←→←← 0 1 497
→→→→→ 1 1 308
→→→→→ 1 1 325
←←←←← 1 1 419
←←←←← 1 1 296
→→→→→ 1 1 378
→→←→→ 0 1 485
→→←→→ 0 1 453
←←→←← 0 1 349
←←←←← 1 1 288
→→←→→ 0 1 405
→→→→→ 1 1 375
→→→→→ 1 1 295
→→→→→ 1 1 331
→→→→→ 1 1 343
←←←←← 1 1 400
←←←←← 1 1 295
←←→←← 0 1 395
←←→←← 0 1 350
→→→→→ 1 1 346
→→←→→ 0 1 396
→→←→→ 0 1 345
→→→→→ 1 1 706
←←←←← 1 1 429
→→→→→ 1 1 415
←←→←← 0 1 325
←←→←← 0 1 457
←←←←← 1 1 356
←←→←← 0 1 412
→→→→→ 1 1 299
→→→→→ 1 1 325
→→→→→ 1 1 312
→→←→→ 0 1 384
→→←→→ 0 1 400
→→←→→ 0 1 349
←←←←← 1 1 339
←←→←← 0 1 418
←←←←← 1 1 366
←←←←← 1 1 366
→→←→→ 0 1 520
→→→→→ 1 1 350
←←←←← 1 1 422
→→→→→ 1 1 356
→→←→→ 0 1 313
→→←→→ 0 1 424
→→←→→ 0 1 579
←←←←← 1 1 375
←←←←← 1 1 305
←←→←← 0 1 418
←←→←← 0 1 352
←←→←← 0 1 385
→→←→→ 0 1 445
←←←←← 1 1 294
