←←←←← 1 3 2000
←←←←← 1 3 2000
←←→←← 0 1 1524
→→→→→ 1 3 2000
←←←←← 1 1 862
←←←←← 1 1 466
←←→←← 0 1 407
←←←←← 1 1 443
→→→→→ 1 1 834
→→→→→ 1 1 488
→→←→→ 0 1 542
→→→→→ 1 1 440
→→←→→ 0 1 1148
→→→→→ 1 1 565
←←→←← 0 1 756
→→→→→ 1 1 416
←←←←← 1 1 498
←←←←← 1 1 694
←←→←← 0 1 505
→→→→→ 1 1 414
→→←→→ 0 1 469
←←→←← 0 1 453
←←→←← 0 1 472
→→←→→ 0 1 817
→→←→→ 0 1 541
→→←→→ 0 1 484
→→→→→ 1 1 373
→→←→→ 0 1 445
→→→→→ 1 1 400
→→→→→ 1 1 377
→→→→→ 1 1 345
←←→←← 0 1 486
←←←←← 1 1 401
→→←→→ 0 1 601
←←→←← 0 1 413
→→→→→ 1 1 408
←←←←← 1 1 498
←←←←← 1 1 676
←←←←← 1 1 421
→→→→→ 1 1 466
→→→→→ 1 1 393
←←→←← 0 1 337
←←←←← 1 1 395
→→→→→ 1 1 378
←←←←← 1 1 501
←←→←← 0 1 385
←←→←← 0 1 394
←←→←← 0 1 395
←←←←← 1 2 448
←←→←← 0 1 538
→→→→→ 1 1 376
→→←→→ 0 1 473
←←→←← 0 1 570
←←→←← 0 1 425
←←←←← 1 1 425
←←←←← 1 1 411
←←→←← 0 1 426
→→←→→ 0 1 475
→→→→→ 1 1 535
←←→←← 0 1 378
→→←→→ 0 1 542
→→←→→ 0 1 686
←←←←← 1 1 415
←←→←← 0 1 532
←←←←← 1 1 428
←←→←← 0 1 588
←←←←← 1 1 440
←←→←← 0 1 1312
←←→←← 0 1 407
→→→→→ 1 1 340
→→→→→ 1 1 329
←←→←← 0 1 342
→→→→→ 1 1 328
→→←→→ 0 1 627
→→←→→ 0 1 481
←←←←← 1 1 597
→→→→→ 1 1 382
←←←←← 1 1 494
→→←→→ 0 1 523
→→→→→ 1 1 380
→→←→→ 0 1 364
→→←→→ 0 1 744
→→←→→ 0 1 358
←←←←← 1 1 338
→→←→→ 0 1 325
→→→→→ 1 1 396
←←→←← 0 1 363
→→→→→ 1 1 347
←←←←← 1 1 486
→→→→→ 1 1 447
→→←→→ 0 1 466
→→←→→ 0 1 471
→→←→→ 0 1 377
←←→←← 0 1 458
←←←←← 1 1 426
→→←→→ 0 1 359
→→←→→ 0 1 448
←←←←← 1 1 371
→→←→→ 0 1 523
←←→←← 0 1 400
