←←→←← 0 3 2000
←←←←← 1 2 1972
→→→→→ 1 1 466
←←←←← 1 1 461
←←→←← 0 1 446
←←←←← 1 1 383
←←→←← 0 1 447
→→←→→ 0 1 451
←←→←← 0 1 412
←←←←← 1 1 478
→→→→→ 1 1 385
→→←→→ 0 1 409
→→→→→ 1 1 390
←←→←← 0 1 417
→→→→→ 1 1 398
←←←←← 1 1 411
→→←→→ 0 1 507
←←←←← 1 1 391
←←←←← 1 1 429
←←←←← 1 1 413
←←→←← 0 1 478
→→→→→ 1 1 374
←←←←← 1 1 414
→→←→→ 0 1 391
←←→←← 0 1 420
←←←←← 1 1 406
→→→→→ 1 1 392
→→←→→ 0 1 421
→→→→→ 1 1 366
→→←→→ 0 1 399
→→←→→ 0 1 399
→→→→→ 1 1 396
→→←→→ 0 1 355
←←→←← 0 1 392
←←←←← 1 1 368
→→→→→ 1 1 378
→→→→→ 1 1 380
←←→←← 0 2 394
←←→←← 0 2 423
←←←←← 1 1 472
→→→→→ 1 1 376
→→→→→ 1 1 352
→→←→→ 0 1 375
←←←←← 1 1 405
←←→←← 0 1 343
←←←←← 1 1 356
←←→←← 0 1 386
←←→←← 0 2 349
←←←←← 1 1 630
→→←→→ 0 1 648
→→→→→ 1 1 713
←←→←← 0 1 502
→→←→→ 0 1 511
→→←→→ 0 1 516
→→←→→ 0 2 506
←←→←← 0 1 488
←←→←← 0 1 580
→→←→→ 0 1 512
←←←←← 1 1 427
←←←←← 1 1 370
→→←→→ 0 1 438
→→←→→ 0 1 402
←←←←← 1 1 408
←←→←← 0 1 399
←←→←← 0 1 401
←←→←← 0 1 412
→→→→→ 1 1 400
←←←←← 1 1 396
←←→←← 0 1 532
←←←←← 1 1 450
→→←→→ 0 1 509
→→→→→ 1 1 387
→→→→→ 1 1 383
←←→←← 0 2 402
←←→←← 0 1 499
→→→→→ 1 1 697
→→←→→ 0 1 660
→→→→→ 1 1 422
←←←←← 1 1 527
→→←→→ 0 1 525
→→←→→ 0 1 433
→→←→→ 0 2 388
→→→→→ 1 1 416
→→←→→ 0 1 494
←←→←← 0 1 394
→→→→→ 1 1 424
←←←←← 1 1 376
→→→→→ 1 1 372
→→←→→ 0 1 396
→→→→→ 1 1 358
→→→→→ 1 1 395
←←←←← 1 1 366
→→→→→ 1 1 341
←←→←← 0 1 350
→→←→→ 0 1 411
→→→→→ 1 1 344
←←←←← 1 1 406
→→←→→ 0 1 440
←←→←← 0 1 414
←←←←← 1 1 410
