←←←←← 1 1 1201
→→→→→ 1 1 570
→→→→→ 1 1 714
→→←→→ 0 3 2000
→→←→→ 0 1 716
←←→←← 0 1 938
→→→→→ 1 1 675
→→←→→ 0 1 620
←←→←← 0 1 729
→→→→→ 1 1 589
←←←←← 1 1 594
→→→→→ 1 1 511
←←→←← 0 1 971
←←←←← 1 1 522
←←←←← 1 1 708
→→→→→ 1 1 573
→→←→→ 0 1 686
→→→→→ 1 1 475
←←→←← 0 1 782
←←←←← 1 1 509
←←←←← 1 1 470
←←←←← 1 1 423
→→←→→ 0 1 604
←←←←← 1 1 489
←←→←← 0 1 605
←←→←← 0 1 537
←←→←← 0 1 670
→→→→→ 1 1 569
←←←←← 1 1 524
←←←←← 1 1 482
→→→→→ 1 1 629
→→←→→ 0 1 850
←←→←← 0 1 582
←←←←← 1 1 639
←←←←← 1 1 501
→→→→→ 1 1 534
←←→←← 0 1 570
→→←→→ 0 1 628
→→←→→ 0 1 545
→→→→→ 1 1 584
→→←→→ 0 1 697
→→←→→ 0 1 531
←←→←← 0 1 614
←←→←← 0 1 592
→→←→→ 0 1 735
→→←→→ 0 1 563
→→←→→ 0 1 626
→→←→→ 0 1 601
→→→→→ 1 1 497
→→←→→ 0 1 590
→→→→→ 1 1 554
←←→←← 0 1 619
←←←←← 1 1 557
←←←←← 1 1 414
←←→←← 0 1 439
→→→→→ 1 1 474
→→←→→ 0 1 514
←←→←← 0 1 516
→→←→→ 0 1 540
→→←→→ 0 1 544
→→→→→ 1 1 466
←←←←← 1 1 556
→→→→→ 1 1 414
←←←←← 1 1 442
→→←→→ 0 1 561
←←→←← 0 1 482
→→←→→ 0 1 474
→→→→→ 1 1 443
←←→←← 0 1 490
←←←←← 1 1 470
→→→→→ 1 1 424
→→→→→ 1 1 442
←←→←← 0 1 570
→→→→→ 1 1 437
→→←→→ 0 1 565
←←→←← 0 1 441
←←←←← 1 1 464
→→→→→ 1 1 377
←←←←← 1 1 477
→→→→→ 1 1 427
←←←←← 1 1 463
→→←→→ 0 1 524
→→←→→ 0 1 448
←←→←← 0 1 555
←←←←← 1 1 431
←←→←← 0 1 458
←←→←← 0 1 438
←←→←← 0 1 603
←←→←← 0 1 553
←←←←← 1 1 450
←←→←← 0 1 535
→→→→→ 1 1 417
←←←←← 1 1 489
←←←←← 1 1 405
←←→←← 0 1 476
→→→→→ 1 1 417
→→←→→ 0 1 709
→→←→→ 0 1 485
←←←←← 1 1 475
→→→→→ 1 1 556
