←←→←← 0 1 929
→→←→→ 0 1 514
←←→←← 0 1 548
←←←←← 1 1 460
←←→←← 0 1 544
→→←→→ 0 1 455
→→→→→ 1 1 450
←←←←← 1 1 454
→→→→→ 1 1 393
←←←←← 1 1 365
←←←←← 1 1 433
←←→←← 0 1 404
←←←←← 1 1 402
→→→→→ 1 1 357
←←→←← 0 1 367
→→←→→ 0 1 401
←←→←← 0 1 443
←←←←← 1 1 543
→→→→→ 1 1 350
←←←←← 1 1 379
←←→←← 0 1 378
→→→→→ 1 1 380
←←→←← 0 1 400
→→→→→ 1 1 400
→→←→→ 0 1 330
→→←→→ 0 1 307
←←←←← 1 1 351
←←→←← 0 1 387
←←←←← 1 1 384
→→→→→ 1 1 345
→→←→→ 0 1 386
→→→→→ 1 1 349
←←←←← 1 1 377
←←→←← 0 1 354
→→←→→ 0 1 327
→→→→→ 1 1 411
→→→→→ 1 1 348
→→←→→ 0 1 376
→→←→→ 0 1 358
←←←←← 1 1 358
→→←→→ 0 1 358
→→←→→ 0 1 350
←←←←← 1 1 322
→→→→→ 1 1 378
→→→→→ 1 1 324
←←→←← 0 1 432
→→←→→ 0 1 387
→→←→→ 0 1 293
←←←←← 1 1 359
→→→→→ 1 2 280
←←←←← 1 1 449
→→←→→ 0 1 491
→→←→→ 0 1 378
→→→→→ 1 1 352
→→←→→ 0 1 392
←←←←← 1 1 322
→→←→→ 0 1 362
→→←→→ 0 1 385
→→→→→ 1 1 348
←←→←← 0 1 363
←←←←← 1 1 355
←←→←← 0 2 371
→→→→→ 1 1 370
←←→←← 0 1 438
←←→←← 0 1 405
←←←←← 1 1 372
←←→←← 0 1 357
→→→→→ 1 1 337
←←←←← 1 1 353
←←→←← 0 1 356
←←←←← 1 1 380
→→→→→ 1 1 356
←←→←← 0 1 391
←←→←← 0 1 402
←←→←← 0 1 313
→→←→→ 0 1 403
→→→→→ 1 1 345
→→→→→ 1 1 376
→→→→→ 1 1 367
←←←←← 1 1 405
←←←←← 1 1 319
→→→→→ 1 1 361
→→←→→ 0 1 380
→→→→→ 1 1 357
←←→←← 0 1 385
←←←←← 1 1 365
→→←→→ 0 1 334
→→←→→ 0 1 440
→→←→→ 0 1 336
←←→←← 0 1 390
→→→→→ 1 1 357
←←→←← 0 1 374
→→←→→ 0 1 442
←←←←← 1 1 327
→→→→→ 1 1 354
→→←→→ 0 1 362
←←→←← 0 1 382
←←←←← 1 1 352
←←→←← 0 1 306
←←←←← 1 1 366
