←←→←← 0 3 2000
→→→→→ 1 1 714
→→←→→ 0 1 1067
←←←←← 1 1 1013
→→←→→ 0 1 974
→→→→→ 1 1 950
←←←←← 1 1 890
←←→←← 0 1 893
←←←←← 1 1 759
→→←→→ 0 1 936
→→→→→ 1 1 880
→→←→→ 0 1 821
←←←←← 1 1 751
←←←←← 1 1 701
←←→←← 0 1 1004
←←→←← 0 1 613
←←←←← 1 1 832
←←→←← 0 1 910
←←→←← 0 1 503
→→→→→ 1 1 454
→→←→→ 0 1 868
→→←→→ 0 1 908
←←←←← 1 1 513
←←→←← 0 1 975
←←→←← 0 1 486
→→→→→ 1 1 530
→→→→→ 1 1 547
→→→→→ 1 1 474
←←←←← 1 1 812
←←←←← 1 1 403
←←→←← 0 1 837
←←→←← 0 1 429
→→→→→ 1 1 492
→→→→→ 1 1 452
→→→→→ 1 1 440
←←→←← 0 1 436
←←←←← 1 1 982
→→←→→ 0 1 461
→→←→→ 0 1 445
←←→←← 0 1 1044
→→→→→ 1 1 554
←←→←← 0 1 662
→→←→→ 0 1 941
←←→←← 0 1 1024
←←→←← 0 1 476
→→←→→ 0 1 888
→→←→→ 0 1 381
←←←←← 1 1 485
←←→←← 0 1 968
→→→→→ 1 1 445
←←→←← 0 1 441
→→→→→ 1 1 376
→→→→→ 1 1 917
←←←←← 1 1 824
→→←→→ 0 1 435
→→→→→ 1 1 873
→→→→→ 1 1 393
←←←←← 1 1 828
←←→←← 0 1 894
→→→→→ 1 1 424
←←←←← 1 1 804
→→←→→ 0 1 446
→→→→→ 1 1 822
→→←→→ 0 1 851
←←←←← 1 1 756
→→←→→ 0 1 498
→→←→→ 0 1 493
→→←→→ 0 1 443
←←←←← 1 1 409
→→→→→ 1 1 917
→→→→→ 1 1 515
→→→→→ 1 1 411
←←←←← 1 1 1272
←←←←← 1 1 389
→→→→→ 1 1 984
←←←←← 1 1 886
←←←←← 1 1 370
→→←→→ 0 1 364
←←←←← 1 1 371
→→←→→ 0 1 370
←←→←← 0 2 329
←←←←← 1 1 1132
←←→←← 0 1 863
→→←→→ 0 1 880
→→←→→ 0 1 808
←←→←← 0 1 892
←←←←← 1 1 849
←←→←← 0 1 854
←←→←← 0 1 363
→→→→→ 1 1 425
→→←→→ 0 1 868
→→→→→ 1 1 926
→→→→→ 1 1 455
←←←←← 1 1 858
←←←←← 1 1 953
→→←→→ 0 1 913
←←→←← 0 1 920
←←→←← 0 1 365
→→←→→ 0 1 843
→→←→→ 0 1 487
