→→←→→ 0 1 1371
→→→→→ 1 1 461
←←←←← 1 1 474
←←→←← 0 1 412
→→←→→ 0 1 370
→→←→→ 0 1 372
→→←→→ 0 1 375
←←→←← 0 1 344
→→←→→ 0 1 435
←←←←← 1 1 335
→→←→→ 0 1 347
←←→←← 0 1 399
←←→←← 0 1 338
→→←→→ 0 1 387
←←→←← 0 1 432
←←←←← 1 1 375
→→→→→ 1 1 346
→→←→→ 0 1 379
→→→→→ 1 1 323
→→←→→ 0 1 372
←←←←← 1 1 360
←←←←← 1 1 291
→→→→→ 1 1 345
←←←←← 1 1 337
←←→←← 0 1 331
→→→→→ 1 1 376
→→→→→ 1 1 302
←←←←← 1 1 340
→→←→→ 0 1 362
→→→→→ 1 1 351
←←→←← 0 1 432
←←→←← 0 1 357
→→→→→ 1 1 324
→→←→→ 0 1 353
←←→←← 0 1 309
→→←→→ 0 1 320
→→←→→ 0 1 403
←←←←← 1 1 349
→→→→→ 1 1 269
→→←→→ 0 1 308
←←←←← 1 1 318
→→→→→ 1 1 372
←←→←← 0 1 329
←←→←← 0 1 323
→→→→→ 1 1 297
→→←→→ 0 2 297
←←←←← 1 1 416
→→→→→ 1 1 337
←←←←← 1 1 315
←←←←← 1 1 328
←←→←← 0 1 315
→→←→→ 0 1 300
←←←←← 1 1 345
←←→←← 0 1 331
←←→←← 0 1 354
←←←←← 1 1 603
←←→←← 0 1 341
←←←←← 1 1 294
←←→←← 0 1 342
←←←←← 1 1 375
←←→←← 0 1 320
←←←←← 1 1 389
←←→←← 0 1 362
→→←→→ 0 1 362
→→→→→ 1 1 353
→→←→→ 0 1 294
→→→→→ 1 1 286
→→→→→ 1 1 349
→→→→→ 1 1 349
←←→←← 0 2 331
→→←→→ 0 1 399
←←→←← 0 1 478
←←→←← 0 1 348
→→←→→ 0 1 391
←←←←← 1 1 375
→→→→→ 1 1 355
←←→←← 0 1 383
→→→→→ 1 1 323
→→→→→ 1 1 281
←←←←← 1 1 374
→→→→→ 1 1 303
←←←←← 1 1 399
←←→←← 0 1 331
→→←→→ 0 1 397
→→←→→ 0 1 339
←←←←← 1 1 394
→→←→→ 0 1 320
←←←←← 1 1 328
→→→→→ 1 1 368
→→→→→ 1 1 312
→→←→→ 0 1 330
←←→←← 0 1 361
→→→→→ 1 1 373
←←←←← 1 1 396
→→→→→ 1 1 392
→→→→→ 1 1 340
←←←←← 1 1 320
←←→←← 0 1 341
←←←←← 1 1 370
→→←→→ 0 1 364
